# unix_time, cycles_done, cur_path, paths_total, pending_total, pending_favs, map_size, unique_crashes, unique_hangs, max_depth, execs_per_sec
1634813685, 0, 0, 4, 4, 0, 0.45%, 0, 0, 1, 24.06
1634813690, 0, 0, 17, 17, 0, 0.49%, 0, 0, 2, 30.33
1634813695, 0, 0, 21, 21, 0, 0.49%, 0, 0, 2, 30.19
1634813701, 0, 0, 24, 24, 0, 0.49%, 0, 0, 2, 30.43
1634813706, 0, 0, 29, 29, 0, 0.49%, 0, 0, 2, 30.60
1634813716, 0, 0, 30, 30, 0, 0.49%, 0, 0, 2, 30.95
1634813721, 0, 0, 31, 31, 0, 0.49%, 0, 0, 2, 30.29
1634813731, 0, 0, 32, 32, 0, 0.49%, 0, 0, 2, 30.62
1634813746, 0, 0, 33, 33, 0, 0.49%, 0, 0, 2, 31.14
1634813751, 0, 0, 38, 38, 0, 0.52%, 0, 0, 2, 28.82
1634813756, 0, 0, 44, 44, 0, 0.55%, 0, 0, 2, 27.31
1634813761, 0, 0, 48, 48, 0, 0.56%, 0, 0, 2, 26.60
1634813766, 0, 0, 50, 50, 0, 0.56%, 0, 0, 2, 27.10
1634813771, 0, 0, 52, 52, 0, 0.56%, 0, 0, 2, 26.43
1634813777, 0, 0, 54, 54, 0, 0.56%, 0, 0, 2, 26.09
1634813782, 0, 0, 61, 61, 0, 0.56%, 0, 0, 2, 18.88
1634813787, 0, 0, 66, 66, 0, 0.56%, 0, 0, 2, 17.65
1634813792, 0, 0, 67, 67, 0, 0.56%, 0, 0, 2, 18.31
1634813797, 0, 0, 70, 70, 0, 0.56%, 0, 0, 2, 18.97
1634813802, 0, 0, 73, 73, 0, 0.56%, 0, 0, 2, 19.75
1634813812, 0, 0, 74, 74, 0, 0.56%, 0, 0, 2, 19.56
1634813817, 0, 0, 77, 77, 0, 0.56%, 0, 0, 2, 20.23
1634813823, 0, 0, 81, 81, 0, 0.56%, 0, 0, 2, 18.60
1634813828, 0, 0, 83, 83, 0, 0.56%, 0, 0, 2, 17.83
1634813833, 0, 0, 86, 86, 0, 0.56%, 0, 0, 2, 17.19
1634813838, 0, 0, 87, 87, 0, 0.56%, 0, 0, 2, 17.64
1634813848, 0, 0, 88, 88, 0, 0.56%, 0, 0, 2, 18.68
1634813853, 0, 0, 93, 93, 0, 0.56%, 0, 0, 2, 16.74
1634813858, 0, 0, 96, 96, 0, 0.56%, 0, 0, 2, 15.84
1634813863, 0, 0, 97, 97, 0, 0.56%, 0, 0, 2, 16.25
1634813879, 0, 0, 98, 98, 0, 0.56%, 0, 0, 2, 16.66
1634813894, 0, 0, 103, 103, 0, 0.57%, 0, 0, 2, 16.77
1634813899, 0, 0, 105, 105, 0, 0.57%, 0, 0, 2, 15.66
1634813930, 0, 1, 112, 111, 0, 0.57%, 0, 0, 2, 27.02
1634813935, 0, 1, 114, 113, 0, 0.57%, 0, 0, 2, 29.96
1634813940, 0, 1, 117, 116, 0, 0.57%, 0, 0, 2, 29.97
1634813945, 0, 1, 118, 117, 0, 0.57%, 0, 0, 2, 31.13
1634813950, 0, 1, 120, 119, 0, 0.57%, 0, 0, 2, 32.34
1634813961, 0, 1, 121, 120, 0, 0.57%, 0, 0, 2, 31.54
1634813966, 0, 1, 122, 121, 0, 0.57%, 0, 0, 2, 31.21
1634813971, 0, 1, 123, 122, 0, 0.57%, 0, 0, 2, 31.64
1634813986, 0, 1, 125, 124, 0, 0.57%, 0, 0, 2, 23.91
1634813992, 0, 1, 127, 126, 0, 0.57%, 0, 0, 2, 19.68
1634813997, 0, 1, 129, 128, 0, 0.57%, 0, 0, 2, 17.73
1634814002, 0, 1, 130, 129, 0, 0.57%, 0, 0, 2, 18.22
1634814007, 0, 1, 131, 130, 0, 0.57%, 0, 0, 2, 18.37
1634814012, 0, 1, 133, 132, 0, 0.57%, 0, 0, 2, 17.30
1634814022, 0, 1, 134, 133, 0, 0.57%, 0, 0, 2, 17.48
1634814027, 0, 1, 136, 135, 0, 0.57%, 0, 0, 2, 17.10
1634814037, 0, 2, 138, 136, 0, 0.57%, 0, 0, 2, 18.38
1634814048, 0, 2, 141, 139, 0, 0.57%, 0, 0, 2, 14.74
1634814053, 0, 2, 142, 140, 0, 0.57%, 0, 0, 2, 12.19
1634814063, 0, 2, 143, 141, 0, 0.57%, 0, 0, 2, 10.96
1634814074, 0, 2, 144, 142, 0, 0.57%, 0, 0, 2, 10.68
1634814084, 0, 2, 146, 144, 0, 0.57%, 0, 0, 2, 12.12
1634814114, 0, 3, 146, 143, 0, 0.57%, 0, 0, 2, 15.92
1634814120, 0, 3, 149, 146, 0, 0.57%, 0, 0, 2, 13.27
1634814146, 0, 3, 150, 147, 0, 0.57%, 0, 0, 2, 12.21
1634814151, 0, 3, 151, 148, 0, 0.57%, 0, 0, 2, 12.12
1634814156, 0, 10, 153, 149, 0, 0.57%, 0, 0, 3, 23.43
1634814166, 0, 41, 154, 149, 0, 0.57%, 0, 0, 3, 20.82
1634814172, 0, 41, 156, 151, 0, 0.57%, 0, 0, 3, 14.37
1634814177, 0, 41, 159, 154, 0, 0.57%, 0, 0, 3, 12.64
1634814182, 0, 41, 160, 155, 0, 0.57%, 0, 0, 3, 13.43
1634814212, 0, 41, 163, 158, 0, 0.57%, 0, 0, 3, 12.28
1634814217, 0, 41, 164, 159, 0, 0.57%, 0, 0, 3, 12.18
1634814222, 0, 41, 165, 160, 0, 0.57%, 0, 0, 3, 11.47
1634814228, 0, 41, 166, 161, 0, 0.57%, 0, 0, 3, 12.80
1634814238, 0, 52, 166, 160, 0, 0.57%, 0, 0, 3, 13.66
1634814248, 0, 52, 168, 162, 0, 0.57%, 0, 0, 3, 11.59
1634814253, 0, 52, 169, 163, 0, 0.58%, 0, 0, 3, 9.66
1634814258, 0, 52, 170, 164, 0, 0.58%, 0, 0, 3, 9.35
1634814263, 0, 52, 172, 166, 0, 0.58%, 0, 0, 3, 9.44
1634814268, 0, 52, 173, 167, 0, 0.58%, 0, 0, 3, 9.44
1634814273, 0, 52, 174, 168, 0, 0.58%, 0, 0, 3, 10.22
1634814279, 0, 52, 175, 169, 0, 0.58%, 0, 0, 3, 11.14
1634814284, 0, 52, 176, 170, 0, 0.58%, 0, 0, 3, 11.32
1634814289, 0, 52, 177, 171, 0, 0.58%, 0, 0, 3, 11.20
1634814299, 0, 52, 178, 172, 0, 0.58%, 0, 0, 3, 11.49
1634814325, 0, 54, 178, 171, 0, 0.58%, 0, 0, 3, 14.13
1634814330, 0, 54, 179, 172, 0, 0.58%, 0, 0, 3, 13.90
1634814335, 0, 54, 181, 174, 0, 0.58%, 0, 0, 3, 12.66
1634814340, 0, 54, 182, 175, 0, 0.58%, 0, 0, 3, 13.17
1634814345, 0, 54, 183, 176, 0, 0.58%, 0, 0, 3, 13.22
1634814376, 0, 54, 184, 177, 0, 0.58%, 0, 0, 3, 12.47
1634814381, 0, 54, 186, 179, 0, 0.58%, 0, 0, 3, 11.53
1634814396, 0, 70, 186, 178, 0, 0.58%, 0, 0, 3, 17.53
1634814407, 0, 70, 187, 179, 0, 0.58%, 0, 0, 3, 18.30
1634814412, 0, 93, 187, 178, 0, 0.58%, 0, 0, 3, 17.45
1634814417, 0, 93, 188, 179, 0, 0.58%, 0, 0, 3, 12.79
1634814422, 0, 93, 189, 180, 0, 0.58%, 0, 0, 3, 10.68
1634814427, 0, 93, 191, 182, 0, 0.58%, 0, 0, 3, 9.77
1634814432, 0, 93, 192, 183, 0, 0.58%, 0, 0, 3, 9.41
1634814447, 0, 93, 193, 184, 0, 0.58%, 0, 0, 3, 9.22
1634814483, 0, 93, 194, 185, 0, 0.58%, 0, 0, 3, 10.53
1634814498, 0, 98, 194, 184, 0, 0.58%, 0, 0, 3, 12.97
1634814519, 0, 122, 196, 185, 4294967295, 0.58%, 0, 0, 3, 40.07
1634814524, 0, 122, 197, 186, 4294967295, 0.58%, 0, 0, 3, 32.80
1634814529, 0, 146, 197, 185, 0, 0.58%, 0, 0, 3, 40.48
1634814550, 0, 146, 198, 186, 0, 0.58%, 0, 0, 3, 10.79
1634814560, 0, 154, 198, 185, 0, 0.58%, 0, 0, 3, 14.26
1634814565, 0, 154, 199, 186, 0, 0.58%, 0, 0, 4, 13.62
1634814570, 0, 154, 200, 187, 0, 0.58%, 0, 0, 4, 11.34
1634814575, 0, 154, 202, 189, 0, 0.58%, 0, 0, 4, 10.76
1634814586, 0, 154, 203, 190, 0, 0.58%, 0, 0, 4, 10.56
1634814591, 0, 154, 205, 192, 0, 0.58%, 0, 0, 4, 10.22
1634814596, 0, 154, 206, 193, 0, 0.58%, 0, 0, 4, 10.33
1634814622, 0, 154, 209, 196, 0, 0.58%, 0, 0, 4, 10.69
1634814627, 0, 154, 210, 197, 0, 0.58%, 0, 0, 4, 10.49
1634814632, 0, 154, 211, 198, 0, 0.58%, 0, 0, 4, 10.31
1634814637, 0, 154, 212, 199, 0, 0.58%, 0, 0, 4, 10.35
1634814678, 0, 158, 213, 199, 0, 0.58%, 0, 0, 4, 10.96
1634814683, 0, 158, 214, 200, 0, 0.58%, 0, 0, 4, 9.79
1634814688, 0, 158, 216, 202, 0, 0.58%, 0, 0, 4, 9.38
1634814709, 0, 158, 217, 203, 0, 0.59%, 0, 0, 4, 12.51
1634814724, 0, 158, 219, 205, 0, 0.59%, 0, 0, 4, 11.94
1634814729, 0, 159, 219, 204, 0, 0.59%, 0, 0, 4, 19.95
1634814739, 0, 173, 219, 203, 4294967295, 0.59%, 0, 0, 4, 19.48
1634814754, 0, 173, 220, 204, 4294967295, 0.59%, 0, 0, 4, 9.48
1634814770, 0, 185, 220, 203, 0, 0.59%, 0, 0, 4, 10.89
1634814775, 0, 185, 221, 204, 0, 0.59%, 0, 0, 4, 9.49
1634814785, 0, 185, 222, 205, 0, 0.59%, 0, 0, 4, 9.12
1634814795, 0, 185, 223, 206, 0, 0.59%, 0, 0, 4, 8.17
1634814811, 0, 190, 223, 205, 0, 0.59%, 0, 0, 4, 10.13
1634814816, 0, 190, 224, 206, 0, 0.59%, 0, 0, 4, 9.33
1634814842, 0, 203, 224, 205, 0, 0.59%, 0, 0, 4, 9.89
1634814847, 0, 205, 224, 204, 4294967295, 0.59%, 0, 0, 4, 10.17
1634814878, 0, 214, 224, 203, 4294967294, 0.59%, 0, 0, 4, 9.89
1634814888, 0, 214, 225, 204, 4294967294, 0.59%, 0, 0, 5, 8.61
1634814908, 0, 214, 228, 207, 4294967294, 0.59%, 0, 0, 5, 7.89
1634814939, 0, 216, 228, 206, 0, 0.59%, 0, 0, 5, 11.06
1634814965, 0, 217, 228, 205, 4294967295, 0.59%, 0, 0, 5, 11.28
1634814975, 0, 217, 229, 206, 4294967295, 0.59%, 0, 0, 5, 10.20
1634814980, 0, 217, 230, 207, 4294967295, 0.59%, 0, 0, 5, 10.74
1634815001, 0, 218, 231, 207, 0, 0.59%, 0, 0, 5, 9.62
1634815026, 0, 218, 232, 208, 0, 0.59%, 0, 0, 5, 7.91
1634815032, 0, 218, 233, 209, 0, 0.59%, 0, 0, 5, 7.95
1634815037, 0, 218, 234, 210, 0, 0.59%, 0, 0, 5, 7.59
1634815052, 0, 219, 234, 209, 0, 0.59%, 0, 0, 5, 9.09
1634815062, 0, 219, 235, 210, 0, 0.59%, 0, 0, 5, 7.86
1634815068, 0, 219, 236, 211, 0, 0.59%, 0, 0, 5, 8.32
1634815098, 0, 220, 236, 210, 0, 0.59%, 0, 0, 5, 7.98
1634815108, 0, 220, 237, 211, 0, 0.59%, 0, 0, 5, 9.90
1634815134, 0, 222, 237, 210, 0, 0.59%, 0, 0, 5, 9.31
1634815165, 0, 223, 237, 209, 4294967295, 0.59%, 0, 0, 5, 9.28
1634815206, 0, 227, 238, 209, 4294967294, 0.59%, 0, 0, 6, 8.47
1634815257, 0, 229, 239, 209, 0, 0.59%, 0, 0, 6, 8.81
1634815278, 0, 229, 240, 210, 0, 0.59%, 0, 0, 6, 11.05
1634815293, 0, 231, 240, 209, 0, 0.59%, 0, 0, 6, 11.64
1634815334, 0, 233, 240, 208, 0, 0.59%, 0, 0, 6, 7.53
1634815344, 0, 233, 241, 209, 0, 0.59%, 0, 0, 6, 8.09
1634815375, 0, 235, 242, 209, 0, 0.59%, 0, 0, 6, 7.61
1634815380, 0, 235, 243, 210, 0, 0.59%, 0, 0, 6, 7.27
1634815451, 0, 236, 243, 209, 0, 0.59%, 0, 0, 6, 7.70
1634815477, 0, 237, 243, 208, 4294967295, 0.59%, 0, 0, 6, 12.05
1634815508, 0, 238, 243, 207, 4294967294, 0.59%, 0, 0, 6, 9.91
1634815534, 0, 239, 243, 206, 4294967293, 0.59%, 0, 0, 6, 12.64
1634815554, 0, 239, 244, 207, 4294967293, 0.59%, 0, 0, 7, 10.89
1634815559, 0, 240, 244, 206, 0, 0.59%, 0, 0, 7, 11.72
1634815590, 0, 242, 244, 205, 4294967295, 0.59%, 0, 0, 7, 15.02
1634815605, 0, 243, 244, 204, 4294967294, 0.59%, 0, 0, 7, 14.65
1634815631, 1, 31, 244, 203, 4294967293, 0.59%, 0, 0, 7, 13.27
1634815636, 1, 191, 244, 202, 4294967293, 0.59%, 0, 0, 7, 20.67
1634815646, 1, 191, 245, 203, 4294967293, 0.59%, 0, 0, 7, 9.42
1634815667, 1, 191, 246, 204, 4294967293, 0.59%, 0, 0, 7, 8.62
1634815672, 1, 191, 247, 205, 4294967293, 0.59%, 0, 0, 7, 8.22
1634815677, 1, 191, 248, 206, 4294967293, 0.59%, 0, 0, 7, 7.73
1634815682, 1, 195, 248, 205, 0, 0.59%, 0, 0, 7, 45.17
1634815697, 1, 196, 248, 204, 0, 0.59%, 0, 0, 7, 17.81
1634815718, 1, 197, 248, 203, 0, 0.59%, 0, 0, 7, 11.09
1634815728, 1, 197, 249, 204, 0, 0.59%, 0, 0, 7, 7.89
1634815754, 1, 197, 250, 205, 0, 0.59%, 0, 0, 7, 8.23
1634815759, 1, 199, 250, 204, 0, 0.59%, 0, 0, 7, 9.10
1634815790, 1, 199, 251, 205, 0, 0.59%, 0, 0, 7, 7.62
1634815800, 1, 201, 251, 204, 0, 0.59%, 0, 0, 7, 8.91
1634815810, 1, 201, 252, 205, 0, 0.59%, 0, 0, 7, 8.69
1634815836, 1, 204, 252, 204, 0, 0.59%, 0, 0, 7, 9.89
1634815862, 1, 205, 252, 203, 0, 0.59%, 0, 0, 7, 11.35
1634815898, 1, 216, 252, 203, 0, 0.59%, 0, 0, 7, 12.91
1634815903, 1, 216, 253, 204, 0, 0.59%, 0, 0, 7, 13.77
1634815924, 1, 236, 254, 205, 0, 0.59%, 0, 0, 7, 11.74
1634815954, 1, 236, 255, 206, 0, 0.59%, 0, 0, 7, 9.36
1634815970, 1, 237, 255, 206, 0, 0.59%, 0, 0, 7, 9.58
1634815980, 1, 237, 256, 207, 0, 0.59%, 0, 0, 7, 9.60
1634815985, 1, 237, 257, 208, 0, 0.59%, 0, 0, 7, 7.94
1634815995, 1, 237, 258, 209, 0, 0.59%, 0, 0, 7, 7.78
1634816000, 1, 237, 259, 210, 0, 0.59%, 0, 0, 7, 7.72
1634816021, 1, 238, 259, 210, 0, 0.59%, 0, 0, 7, 10.45
1634816058, 1, 239, 259, 210, 0, 0.59%, 0, 0, 7, 9.90
1634816089, 1, 239, 260, 211, 0, 0.59%, 0, 0, 7, 8.56
1634816094, 1, 242, 260, 211, 0, 0.59%, 0, 0, 7, 8.68
1634816140, 1, 247, 260, 211, 0, 0.59%, 0, 0, 7, 7.85
1634816197, 1, 249, 260, 210, 4294967295, 0.59%, 0, 0, 7, 7.75
1634816254, 1, 251, 260, 209, 4294967294, 0.59%, 0, 0, 7, 9.18
1634816290, 1, 254, 260, 208, 4294967293, 0.59%, 0, 0, 7, 11.25
1634816310, 1, 254, 261, 209, 4294967293, 0.59%, 0, 0, 7, 9.23
1634816341, 1, 255, 261, 208, 0, 0.59%, 0, 0, 7, 8.50
1634816392, 1, 257, 261, 207, 0, 0.59%, 0, 0, 7, 7.75
1634816423, 1, 257, 262, 208, 0, 0.59%, 0, 0, 8, 7.06
1634816454, 1, 258, 262, 207, 4294967295, 0.59%, 0, 0, 8, 9.14
1634816495, 1, 259, 262, 206, 4294967294, 0.59%, 0, 0, 8, 9.28
1634816521, 1, 259, 263, 207, 4294967294, 0.59%, 0, 0, 8, 7.62
1634816557, 1, 260, 263, 206, 0, 0.59%, 0, 0, 8, 8.82
1634816572, 1, 260, 264, 207, 0, 0.59%, 0, 0, 8, 8.36
1634816587, 1, 260, 265, 208, 0, 0.59%, 0, 0, 8, 11.43
1634816603, 1, 262, 265, 207, 0, 0.59%, 0, 0, 8, 8.70
1634816675, 1, 263, 265, 206, 4294967295, 0.59%, 0, 0, 8, 8.52
1634816761, 2, 38, 265, 205, 4294967294, 0.59%, 0, 0, 8, 15.79
1634816776, 2, 79, 265, 204, 4294967294, 0.59%, 0, 0, 8, 18.73
1634816791, 2, 218, 265, 203, 4294967294, 0.59%, 0, 0, 8, 13.53
1634816827, 2, 225, 265, 203, 4294967294, 0.59%, 0, 0, 8, 8.37
1634816868, 3, 78, 265, 202, 4294967294, 0.59%, 0, 0, 8, 10.97
1634816888, 3, 98, 265, 201, 4294967294, 0.59%, 0, 0, 8, 16.48
1634816909, 3, 157, 265, 201, 4294967294, 0.59%, 0, 0, 8, 16.29
1634816924, 3, 163, 266, 201, 0, 0.59%, 0, 0, 8, 15.32
1634816945, 3, 166, 266, 200, 0, 0.59%, 0, 0, 8, 16.25
1634816965, 3, 168, 266, 199, 0, 0.59%, 0, 0, 8, 14.58
1634816981, 3, 174, 266, 198, 0, 0.59%, 0, 0, 8, 16.47
1634816991, 3, 182, 266, 197, 0, 0.59%, 0, 0, 8, 14.62
1634817006, 3, 182, 267, 198, 0, 0.59%, 0, 0, 8, 12.72
1634817011, 3, 184, 267, 197, 0, 0.59%, 0, 0, 8, 12.12
1634817042, 3, 192, 267, 196, 0, 0.59%, 0, 0, 8, 9.85
1634817062, 3, 192, 268, 197, 0, 0.59%, 0, 0, 8, 9.48
1634817073, 3, 202, 268, 196, 0, 0.59%, 0, 0, 8, 10.97
1634817103, 3, 205, 268, 195, 0, 0.59%, 0, 0, 8, 10.62
1634817134, 3, 206, 268, 195, 0, 0.59%, 0, 0, 8, 12.10
1634817160, 3, 208, 268, 194, 0, 0.59%, 0, 0, 8, 10.99
1634817185, 3, 209, 269, 194, 0, 0.59%, 0, 0, 8, 11.44
1634817221, 3, 211, 269, 193, 0, 0.59%, 0, 0, 8, 14.22
1634817252, 3, 216, 269, 192, 0, 0.59%, 0, 0, 8, 17.03
1634817267, 3, 221, 269, 192, 0, 0.59%, 0, 0, 8, 16.27
1634817293, 3, 224, 269, 191, 0, 0.59%, 0, 0, 8, 11.13
1634817334, 3, 226, 269, 190, 0, 0.59%, 0, 0, 8, 7.70
1634817380, 3, 235, 269, 189, 0, 0.59%, 0, 0, 8, 8.02
1634817416, 3, 238, 270, 190, 0, 0.59%, 0, 0, 8, 8.83
1634817462, 3, 242, 271, 191, 0, 0.59%, 0, 0, 8, 9.55
1634817503, 3, 245, 271, 191, 0, 0.59%, 0, 0, 8, 11.32
1634817539, 3, 258, 271, 190, 0, 0.59%, 0, 0, 8, 9.37
1634817575, 3, 260, 271, 190, 0, 0.59%, 0, 0, 8, 8.33
1634817585, 3, 260, 272, 191, 0, 0.59%, 0, 0, 8, 7.92
1634817601, 3, 260, 273, 192, 0, 0.59%, 0, 0, 8, 7.80
1634817616, 3, 260, 275, 194, 0, 0.59%, 0, 0, 8, 7.87
1634817636, 3, 262, 275, 194, 0, 0.59%, 0, 0, 8, 8.17
1634817652, 3, 262, 276, 195, 0, 0.59%, 0, 0, 9, 7.71
1634817683, 3, 262, 277, 196, 0, 0.59%, 0, 0, 9, 7.80
1634817693, 3, 263, 277, 196, 0, 0.59%, 0, 0, 9, 8.89
1634817724, 3, 266, 277, 196, 0, 0.59%, 0, 0, 9, 12.77
1634817765, 3, 267, 277, 195, 0, 0.59%, 0, 0, 9, 11.63
1634817791, 3, 267, 278, 196, 0, 0.59%, 0, 0, 9, 7.96
1634817811, 3, 267, 279, 197, 0, 0.59%, 0, 0, 9, 7.83
1634817826, 3, 269, 279, 196, 0, 0.59%, 0, 0, 9, 8.41
1634817867, 3, 269, 280, 197, 0, 0.59%, 0, 0, 9, 10.23
1634817878, 3, 270, 281, 197, 0, 0.59%, 0, 0, 9, 10.05
1634817945, 3, 272, 281, 196, 0, 0.59%, 0, 0, 9, 7.98
1634818032, 3, 273, 281, 195, 4294967295, 0.59%, 0, 0, 9, 8.02
1634818099, 3, 276, 281, 194, 4294967294, 0.59%, 0, 0, 9, 9.37
1634818166, 3, 277, 281, 193, 4294967293, 0.59%, 0, 0, 9, 7.04
1634818212, 3, 278, 281, 192, 4294967292, 0.59%, 0, 0, 9, 7.09
1634818268, 3, 279, 281, 191, 4294967291, 0.59%, 0, 0, 9, 7.81
1634818356, 3, 280, 281, 190, 4294967290, 0.59%, 0, 0, 9, 7.70
1634818469, 4, 40, 281, 189, 4294967289, 0.59%, 0, 0, 9, 9.68
1634818490, 4, 108, 281, 188, 4294967289, 0.59%, 0, 0, 9, 16.85
1634818510, 5, 66, 281, 187, 4294967289, 0.59%, 0, 0, 9, 12.73
1634818541, 6, 106, 281, 186, 4294967289, 0.59%, 0, 0, 9, 18.37
1634818551, 6, 261, 281, 185, 4294967289, 0.59%, 0, 0, 9, 16.96
1634818593, 6, 276, 281, 185, 4294967289, 0.59%, 0, 0, 9, 7.78
1634818680, 7, 63, 281, 185, 4294967289, 0.59%, 0, 0, 9, 9.32
1634818701, 7, 63, 282, 186, 4294967289, 0.59%, 0, 0, 9, 9.53
1634818711, 7, 65, 282, 185, 0, 0.59%, 0, 0, 9, 10.38
1634818742, 7, 68, 282, 184, 0, 0.59%, 0, 0, 9, 11.95
1634818763, 7, 73, 282, 183, 0, 0.59%, 0, 0, 9, 14.24
1634818778, 7, 74, 282, 182, 0, 0.59%, 0, 0, 9, 19.16
1634818799, 7, 75, 282, 181, 0, 0.59%, 0, 0, 9, 14.88
1634818819, 7, 81, 282, 180, 0, 0.59%, 0, 0, 9, 15.25
1634818840, 7, 87, 282, 179, 0, 0.59%, 0, 0, 9, 16.95
1634818855, 7, 88, 282, 178, 0, 0.59%, 0, 0, 9, 17.08
1634818871, 7, 89, 282, 177, 0, 0.59%, 0, 0, 9, 19.01
1634818886, 7, 98, 282, 176, 0, 0.59%, 0, 0, 9, 18.55
1634818906, 7, 99, 282, 176, 0, 0.59%, 0, 0, 9, 19.21
1634818916, 7, 102, 282, 175, 0, 0.59%, 0, 0, 9, 21.99
1634818932, 7, 103, 282, 174, 0, 0.59%, 0, 0, 9, 18.61
1634818952, 7, 109, 282, 173, 0, 0.59%, 0, 0, 9, 15.40
1634818967, 7, 118, 282, 172, 0, 0.59%, 0, 0, 9, 27.03
1634818977, 7, 129, 282, 171, 0, 0.59%, 0, 0, 9, 21.84
1634818998, 7, 145, 282, 170, 0, 0.59%, 0, 0, 9, 15.36
1634819003, 7, 145, 283, 171, 0, 0.59%, 0, 0, 9, 12.35
1634819018, 7, 145, 284, 172, 0, 0.59%, 0, 0, 9, 12.12
1634819023, 7, 150, 284, 171, 0, 0.59%, 0, 0, 9, 12.54
1634819049, 7, 163, 284, 170, 0, 0.59%, 0, 0, 9, 10.94
1634819059, 7, 163, 285, 171, 0, 0.59%, 0, 0, 9, 9.97
1634819080, 7, 178, 285, 171, 0, 0.59%, 0, 0, 9, 13.40
1634819096, 7, 179, 285, 170, 0, 0.59%, 0, 0, 9, 16.47
1634819121, 7, 194, 287, 171, 0, 0.59%, 0, 0, 9, 37.71
1634819137, 7, 200, 287, 170, 0, 0.59%, 0, 0, 9, 16.09
1634819172, 7, 212, 287, 169, 0, 0.59%, 0, 0, 9, 8.48
1634819198, 7, 227, 287, 168, 0, 0.59%, 0, 0, 9, 10.49
1634819229, 7, 227, 288, 169, 0, 0.59%, 0, 0, 9, 7.30
1634819245, 7, 228, 288, 169, 0, 0.59%, 0, 0, 9, 10.63
1634819265, 7, 251, 288, 168, 0, 0.59%, 0, 0, 9, 13.03
1634819270, 7, 251, 289, 169, 0, 0.59%, 0, 0, 9, 11.13
1634819307, 7, 263, 289, 169, 0, 0.59%, 0, 0, 9, 8.63
1634819353, 7, 273, 289, 169, 0, 0.59%, 0, 0, 9, 9.41
1634819409, 7, 275, 289, 169, 0, 0.59%, 0, 0, 9, 11.69
1634819460, 7, 276, 289, 168, 0, 0.59%, 0, 0, 9, 10.52
1634819537, 7, 277, 289, 168, 0, 0.59%, 0, 0, 9, 8.02
1634819588, 7, 278, 289, 168, 0, 0.59%, 0, 0, 9, 7.61
1634819639, 7, 279, 289, 168, 0, 0.59%, 0, 0, 9, 8.70
1634819731, 7, 280, 289, 168, 0, 0.59%, 0, 0, 9, 10.72
1634819808, 7, 281, 289, 168, 0, 0.59%, 0, 0, 9, 12.75
1634819834, 7, 282, 289, 167, 4294967295, 0.59%, 0, 0, 9, 12.93
1634819875, 7, 282, 290, 168, 4294967295, 0.59%, 0, 0, 9, 7.70
1634819886, 7, 282, 291, 169, 4294967295, 0.59%, 0, 0, 9, 7.78
1634819896, 7, 283, 291, 168, 0, 0.59%, 0, 0, 9, 10.28
1634819947, 7, 285, 291, 167, 4294967295, 0.59%, 0, 0, 9, 21.31
1634819957, 7, 286, 291, 166, 4294967294, 0.59%, 0, 0, 9, 48.77
1634819967, 7, 287, 291, 165, 4294967293, 0.59%, 0, 0, 9, 7.05
1634820090, 7, 289, 291, 164, 4294967292, 0.59%, 0, 0, 9, 7.36
1634820202, 7, 290, 291, 163, 4294967291, 0.59%, 0, 0, 9, 7.57
1634820320, 9, 71, 291, 162, 4294967290, 0.59%, 0, 0, 9, 14.66
1634820335, 9, 222, 291, 161, 4294967290, 0.59%, 0, 0, 9, 14.02
1634820376, 9, 225, 291, 161, 4294967290, 0.59%, 0, 0, 9, 8.32
1634820412, 10, 1, 291, 161, 4294967290, 0.59%, 0, 0, 9, 17.94
1634820432, 10, 9, 291, 161, 4294967290, 0.59%, 0, 0, 9, 20.98
1634820443, 10, 98, 291, 160, 4294967290, 0.59%, 0, 0, 9, 20.23
1634820468, 10, 216, 291, 160, 4294967290, 0.59%, 0, 0, 9, 15.62
1634820489, 11, 44, 291, 160, 4294967290, 0.59%, 0, 0, 9, 19.32
1634820504, 11, 82, 291, 159, 4294967290, 0.59%, 0, 0, 9, 18.23
1634820520, 11, 85, 291, 158, 4294967290, 0.59%, 0, 0, 9, 19.16
1634820535, 11, 129, 291, 157, 4294967290, 0.59%, 0, 0, 9, 22.80
1634820550, 11, 132, 291, 157, 4294967290, 0.59%, 0, 0, 9, 21.10
1634820565, 11, 165, 291, 156, 4294967290, 0.59%, 0, 0, 9, 14.62
1634820586, 11, 232, 291, 155, 4294967290, 0.59%, 0, 0, 9, 13.36
1634820606, 12, 230, 291, 154, 4294967290, 0.59%, 0, 0, 9, 13.21
1634820636, 13, 9, 291, 153, 4294967290, 0.59%, 0, 0, 9, 10.81
1634820652, 13, 34, 291, 153, 4294967290, 0.59%, 0, 0, 9, 26.79
1634820667, 13, 89, 291, 152, 4294967290, 0.59%, 0, 0, 9, 15.82
1634820687, 13, 119, 291, 152, 4294967290, 0.59%, 0, 0, 9, 30.60
1634820697, 13, 168, 291, 151, 4294967290, 0.59%, 0, 0, 9, 20.01
1634820723, 13, 170, 291, 151, 4294967290, 0.59%, 0, 0, 9, 13.45
1634820738, 13, 183, 291, 150, 4294967290, 0.59%, 0, 0, 9, 13.92
1634820774, 13, 188, 291, 149, 4294967290, 0.59%, 0, 0, 9, 10.29
1634820800, 13, 193, 291, 148, 4294967290, 0.59%, 0, 0, 9, 9.95
1634820836, 14, 212, 291, 147, 4294967290, 0.59%, 0, 0, 9, 8.50
1634820846, 14, 215, 291, 147, 4294967290, 0.59%, 0, 0, 9, 8.21
1634820887, 15, 65, 291, 146, 4294967290, 0.59%, 0, 0, 9, 12.68
1634820908, 15, 106, 291, 146, 4294967290, 0.59%, 0, 0, 9, 20.15
1634820924, 15, 152, 291, 146, 4294967290, 0.59%, 0, 0, 9, 29.60
1634820934, 15, 226, 291, 145, 4294967290, 0.59%, 0, 0, 9, 13.89
1634820975, 16, 77, 291, 145, 4294967290, 0.59%, 0, 0, 9, 15.72
1634820991, 16, 100, 291, 144, 4294967290, 0.59%, 0, 0, 9, 15.16
1634821016, 16, 199, 291, 143, 4294967290, 0.59%, 0, 0, 9, 11.03
1634821047, 16, 204, 291, 143, 4294967290, 0.59%, 0, 0, 9, 10.15
1634821078, 16, 236, 291, 143, 4294967290, 0.59%, 0, 0, 9, 10.34
1634821114, 16, 247, 291, 143, 4294967290, 0.59%, 0, 0, 9, 9.61
1634821149, 18, 114, 291, 143, 4294967290, 0.59%, 0, 0, 9, 23.70
1634821160, 18, 256, 291, 142, 4294967290, 0.59%, 0, 0, 9, 18.36
1634821180, 18, 256, 292, 143, 4294967290, 0.59%, 0, 0, 9, 9.49
1634821206, 18, 260, 292, 142, 0, 0.59%, 0, 0, 9, 9.99
1634821242, 18, 268, 292, 142, 0, 0.59%, 0, 0, 9, 10.16
1634821267, 18, 268, 293, 143, 0, 0.59%, 0, 0, 9, 9.46
1634821298, 18, 271, 293, 142, 0, 0.59%, 0, 0, 9, 9.46
1634821380, 18, 273, 293, 141, 0, 0.59%, 0, 0, 9, 8.13
