# unix_time, cycles_done, cur_path, paths_total, pending_total, pending_favs, map_size, unique_crashes, unique_hangs, max_depth, execs_per_sec
1634822520, 0, 0, 3, 3, 0, 0.43%, 0, 0, 1, 24.02
1634822525, 0, 0, 14, 14, 0, 0.46%, 0, 0, 2, 25.64
1634822530, 0, 0, 17, 17, 0, 0.46%, 0, 0, 2, 25.90
1634822535, 0, 0, 18, 18, 0, 0.46%, 0, 0, 2, 25.78
1634822540, 0, 0, 19, 19, 0, 0.46%, 0, 0, 2, 25.91
1634822545, 0, 0, 20, 20, 0, 0.46%, 0, 0, 2, 25.99
1634822550, 0, 0, 22, 22, 0, 0.46%, 0, 0, 2, 26.09
1634822556, 0, 0, 23, 23, 0, 0.46%, 0, 0, 2, 27.14
1634822581, 0, 0, 24, 24, 0, 0.46%, 0, 0, 2, 27.81
1634822586, 0, 0, 25, 25, 0, 0.46%, 0, 0, 2, 27.93
1634822591, 0, 0, 32, 32, 0, 0.49%, 0, 0, 2, 23.22
1634822597, 0, 0, 36, 36, 0, 0.49%, 0, 0, 2, 24.27
1634822602, 0, 0, 39, 39, 0, 0.49%, 0, 0, 2, 23.90
1634822607, 0, 0, 42, 42, 0, 0.49%, 0, 0, 2, 23.93
1634822612, 0, 0, 43, 43, 0, 0.49%, 0, 0, 2, 25.21
1634822617, 0, 0, 47, 47, 0, 0.50%, 0, 0, 2, 23.38
1634822622, 0, 0, 52, 52, 0, 0.50%, 0, 0, 2, 18.86
1634822627, 0, 0, 54, 54, 0, 0.50%, 0, 0, 2, 16.24
1634822632, 0, 0, 58, 58, 0, 0.52%, 0, 0, 2, 17.52
1634822637, 0, 0, 62, 62, 0, 0.53%, 0, 0, 2, 17.06
1634822642, 0, 0, 64, 64, 0, 0.53%, 0, 0, 2, 16.98
1634822647, 0, 0, 67, 67, 0, 0.53%, 0, 0, 2, 18.10
1634822653, 0, 0, 71, 71, 0, 0.53%, 0, 0, 2, 15.81
1634822658, 0, 0, 72, 72, 0, 0.53%, 0, 0, 2, 17.19
1634822663, 0, 0, 75, 75, 0, 0.54%, 0, 0, 2, 16.36
1634822668, 0, 0, 78, 78, 0, 0.54%, 0, 0, 2, 18.48
1634822673, 0, 0, 79, 79, 0, 0.54%, 0, 0, 2, 19.56
1634822678, 0, 0, 80, 80, 0, 0.54%, 0, 0, 2, 19.77
1634822688, 0, 0, 82, 82, 0, 0.54%, 0, 0, 2, 19.07
1634822693, 0, 0, 83, 83, 0, 0.54%, 0, 0, 2, 19.99
1634822704, 0, 0, 86, 86, 0, 0.54%, 0, 0, 2, 16.06
1634822709, 0, 0, 88, 88, 0, 0.54%, 0, 0, 2, 15.02
1634822714, 0, 0, 89, 89, 0, 0.54%, 0, 0, 2, 14.75
1634822719, 0, 0, 90, 90, 0, 0.54%, 0, 0, 2, 15.13
1634822724, 0, 0, 91, 91, 0, 0.54%, 0, 0, 2, 15.22
1634822729, 0, 0, 93, 93, 0, 0.54%, 0, 0, 2, 15.85
1634822740, 0, 0, 96, 96, 0, 0.54%, 0, 0, 2, 14.72
1634822745, 0, 0, 98, 98, 0, 0.54%, 0, 0, 2, 14.77
1634822750, 0, 0, 99, 99, 0, 0.54%, 0, 0, 2, 14.96
1634822765, 0, 1, 106, 105, 0, 0.54%, 0, 0, 2, 23.00
1634822770, 0, 1, 107, 106, 0, 0.54%, 0, 0, 2, 25.31
1634822780, 0, 1, 109, 108, 0, 0.54%, 0, 0, 2, 25.79
1634822827, 0, 1, 110, 109, 0, 0.54%, 0, 0, 2, 24.39
1634822832, 0, 1, 112, 111, 0, 0.54%, 0, 0, 2, 16.47
1634822837, 0, 1, 114, 113, 0, 0.54%, 0, 0, 2, 14.56
1634822842, 0, 1, 115, 114, 0, 0.54%, 0, 0, 2, 14.44
1634822847, 0, 1, 117, 116, 0, 0.54%, 0, 0, 2, 14.15
1634822858, 0, 1, 120, 119, 0, 0.54%, 0, 0, 2, 14.04
1634822868, 0, 1, 123, 122, 0, 0.54%, 0, 0, 2, 14.20
1634822878, 0, 1, 124, 123, 0, 0.54%, 0, 0, 2, 14.80
1634822883, 0, 1, 127, 126, 0, 0.54%, 0, 0, 2, 17.21
1634822893, 0, 2, 132, 130, 0, 0.55%, 0, 0, 2, 19.30
1634822898, 0, 2, 137, 135, 0, 0.55%, 0, 0, 2, 26.37
1634822904, 0, 2, 138, 136, 0, 0.55%, 0, 0, 2, 5.17
1634822930, 0, 2, 140, 138, 0, 0.55%, 0, 0, 2, 28.11
1634822940, 0, 2, 141, 139, 0, 0.55%, 0, 0, 2, 28.65
1634822960, 0, 2, 143, 141, 0, 0.55%, 0, 0, 2, 21.03
1634822970, 0, 2, 144, 142, 0, 0.55%, 0, 0, 2, 19.46
1634822975, 0, 14, 150, 147, 0, 0.55%, 0, 0, 3, 29.39
1634822980, 0, 14, 151, 148, 0, 0.55%, 0, 0, 3, 32.38
1634822991, 0, 14, 152, 149, 0, 0.55%, 0, 0, 3, 33.72
1634823001, 0, 14, 153, 150, 0, 0.55%, 0, 0, 3, 36.60
1634823006, 0, 14, 154, 151, 0, 0.55%, 0, 0, 3, 35.29
1634823011, 0, 14, 156, 153, 0, 0.55%, 0, 0, 3, 35.47
1634823022, 0, 14, 157, 154, 0, 0.55%, 0, 0, 3, 33.73
1634823027, 0, 17, 158, 154, 0, 0.55%, 0, 0, 3, 29.31
1634823037, 0, 17, 160, 156, 0, 0.55%, 2, 0, 3, 18.39
1634823042, 0, 17, 161, 157, 0, 0.55%, 6, 0, 3, 20.03
1634823053, 0, 27, 163, 158, 0, 0.55%, 6, 0, 3, 18.08
1634823063, 0, 27, 165, 160, 0, 0.55%, 6, 0, 3, 15.20
1634823078, 0, 29, 165, 159, 0, 0.55%, 6, 0, 3, 18.85
1634823083, 0, 29, 166, 160, 0, 0.55%, 6, 0, 3, 20.48
1634823088, 0, 29, 168, 162, 0, 0.55%, 6, 0, 3, 17.78
1634823093, 0, 29, 169, 163, 0, 0.55%, 6, 0, 3, 19.47
1634823098, 0, 54, 169, 162, 0, 0.55%, 6, 0, 3, 18.59
1634823103, 0, 54, 171, 164, 0, 0.55%, 6, 0, 3, 14.74
1634823114, 0, 54, 173, 166, 0, 0.55%, 6, 0, 3, 16.29
1634823119, 0, 54, 174, 167, 0, 0.55%, 6, 0, 3, 15.70
1634823124, 0, 54, 176, 169, 0, 0.55%, 6, 0, 3, 13.53
1634823134, 0, 63, 176, 168, 0, 0.55%, 6, 0, 3, 14.18
1634823139, 0, 63, 180, 172, 0, 0.55%, 6, 0, 3, 10.67
1634823144, 0, 63, 181, 173, 0, 0.55%, 6, 0, 3, 10.30
1634823149, 0, 63, 185, 177, 0, 0.55%, 6, 0, 3, 10.24
1634823165, 0, 63, 186, 178, 0, 0.55%, 6, 0, 3, 10.15
1634823170, 0, 63, 188, 180, 0, 0.55%, 6, 0, 3, 9.98
1634823216, 0, 72, 189, 180, 0, 0.55%, 6, 0, 3, 11.56
1634823221, 0, 72, 191, 182, 0, 0.55%, 6, 0, 3, 11.73
1634823226, 0, 72, 194, 185, 0, 0.55%, 6, 0, 3, 10.24
1634823231, 0, 72, 195, 186, 0, 0.55%, 6, 0, 3, 9.93
1634823246, 0, 72, 196, 187, 0, 0.55%, 6, 0, 3, 9.99
1634823262, 0, 72, 197, 188, 0, 0.55%, 6, 0, 3, 9.92
1634823267, 0, 72, 198, 189, 0, 0.55%, 6, 0, 3, 9.85
1634823277, 0, 72, 199, 190, 0, 0.55%, 6, 0, 3, 10.06
1634823297, 0, 87, 199, 189, 0, 0.55%, 6, 0, 3, 13.53
1634823302, 0, 87, 200, 190, 0, 0.55%, 6, 0, 3, 18.10
1634823312, 0, 89, 200, 189, 0, 0.55%, 6, 0, 3, 21.27
1634823323, 0, 92, 202, 190, 0, 0.55%, 6, 0, 3, 17.14
1634823343, 0, 92, 203, 191, 0, 0.55%, 6, 0, 3, 12.56
1634823348, 0, 92, 204, 192, 0, 0.56%, 6, 0, 3, 12.13
1634823358, 0, 100, 204, 191, 0, 0.56%, 6, 0, 3, 16.48
1634823374, 0, 111, 204, 190, 4294967295, 0.56%, 6, 0, 3, 17.34
1634823394, 0, 118, 204, 189, 4294967295, 0.56%, 6, 0, 3, 15.83
1634823404, 0, 118, 206, 191, 4294967295, 0.56%, 6, 0, 3, 14.02
1634823415, 0, 124, 206, 190, 0, 0.56%, 6, 0, 3, 16.26
1634823430, 0, 167, 206, 189, 0, 0.56%, 6, 0, 3, 19.02
1634823445, 0, 169, 206, 188, 4294967295, 0.56%, 6, 0, 3, 14.43
1634823466, 0, 172, 207, 188, 4294967294, 0.56%, 6, 0, 4, 12.50
1634823492, 0, 175, 207, 187, 0, 0.56%, 6, 0, 4, 11.52
1634823502, 0, 175, 209, 189, 0, 0.56%, 6, 0, 4, 15.64
1634823512, 0, 194, 209, 188, 0, 0.56%, 6, 0, 4, 14.63
1634823538, 0, 194, 210, 189, 0, 0.56%, 6, 0, 4, 8.50
1634823548, 0, 195, 211, 189, 0, 0.56%, 6, 0, 4, 9.43
1634823553, 0, 195, 212, 190, 0, 0.56%, 6, 0, 4, 8.20
1634823558, 0, 195, 213, 191, 0, 0.56%, 6, 0, 4, 7.92
1634823564, 0, 195, 214, 192, 0, 0.56%, 6, 0, 4, 7.76
1634823569, 0, 195, 216, 194, 0, 0.56%, 6, 0, 4, 7.74
1634823579, 0, 195, 217, 195, 0, 0.56%, 6, 0, 4, 7.82
1634823589, 0, 195, 218, 196, 0, 0.56%, 6, 0, 4, 7.70
1634823626, 0, 195, 220, 198, 0, 0.56%, 6, 0, 4, 7.85
1634823636, 0, 195, 221, 199, 0, 0.56%, 6, 0, 4, 8.46
1634823646, 0, 195, 222, 200, 0, 0.56%, 6, 0, 4, 9.32
1634823656, 0, 195, 223, 201, 0, 0.56%, 6, 0, 4, 9.27
1634823667, 0, 199, 223, 200, 0, 0.56%, 6, 0, 4, 16.93
1634823672, 0, 199, 224, 201, 0, 0.56%, 6, 0, 4, 19.36
1634823677, 0, 203, 224, 200, 0, 0.56%, 6, 0, 4, 20.06
1634823692, 0, 205, 224, 199, 4294967295, 0.56%, 6, 0, 4, 19.00
1634823712, 0, 206, 225, 199, 4294967294, 0.56%, 6, 0, 5, 11.56
1634823733, 0, 206, 226, 200, 4294967294, 0.56%, 6, 0, 5, 8.88
1634823743, 0, 206, 227, 201, 4294967294, 0.56%, 6, 0, 5, 8.69
1634823759, 0, 208, 228, 201, 0, 0.56%, 6, 0, 5, 9.44
1634823794, 0, 215, 228, 200, 0, 0.56%, 7, 0, 5, 10.35
1634823820, 0, 215, 229, 201, 0, 0.56%, 7, 0, 5, 7.52
1634823840, 0, 217, 230, 201, 0, 0.56%, 7, 0, 5, 8.02
1634823846, 0, 217, 232, 203, 0, 0.56%, 7, 0, 5, 8.81
1634823851, 0, 217, 233, 204, 0, 0.56%, 7, 0, 5, 9.25
1634823856, 0, 217, 235, 206, 0, 0.56%, 7, 0, 5, 9.29
1634823861, 0, 217, 236, 207, 0, 0.56%, 7, 0, 5, 9.52
1634823886, 0, 217, 237, 208, 0, 0.56%, 7, 0, 5, 9.20
1634823969, 0, 223, 237, 207, 0, 0.56%, 7, 0, 5, 24.98
1634823974, 0, 223, 238, 208, 0, 0.56%, 7, 0, 5, 19.88
1634823979, 0, 223, 239, 209, 0, 0.56%, 7, 0, 5, 20.91
1634823984, 0, 225, 239, 208, 0, 0.56%, 7, 0, 5, 17.67
1634824010, 0, 225, 241, 210, 0, 0.56%, 7, 0, 6, 9.30
1634824025, 0, 227, 241, 209, 0, 0.56%, 7, 0, 6, 10.61
1634824056, 0, 232, 241, 208, 4294967295, 0.56%, 7, 0, 6, 9.84
1634824066, 0, 232, 242, 209, 4294967295, 0.56%, 7, 0, 6, 8.17
1634824071, 0, 232, 243, 210, 4294967295, 0.56%, 7, 0, 6, 7.51
1634824081, 0, 232, 243, 210, 4294967295, 0.56%, 8, 0, 6, 7.33
1634824107, 0, 233, 243, 209, 0, 0.56%, 8, 0, 6, 7.66
1634824143, 0, 236, 243, 208, 0, 0.56%, 8, 0, 6, 8.67
1634824148, 0, 236, 244, 209, 0, 0.56%, 8, 0, 6, 9.29
1634824153, 0, 236, 245, 210, 0, 0.56%, 8, 0, 6, 9.44
1634824163, 0, 236, 246, 211, 0, 0.56%, 8, 0, 6, 9.38
1634824230, 0, 238, 247, 211, 0, 0.56%, 8, 0, 6, 11.70
1634824261, 0, 240, 248, 211, 0, 0.56%, 8, 0, 7, 10.76
1634824302, 0, 243, 248, 210, 0, 0.56%, 8, 0, 7, 11.51
1634824322, 0, 245, 248, 209, 4294967295, 0.56%, 8, 0, 7, 13.21
1634824348, 0, 246, 248, 208, 4294967294, 0.56%, 8, 0, 7, 15.24
1634824369, 0, 247, 248, 207, 4294967293, 0.56%, 8, 0, 7, 11.89
1634824410, 1, 98, 248, 206, 4294967292, 0.56%, 8, 0, 7, 13.52
1634824420, 1, 98, 249, 207, 4294967292, 0.56%, 8, 0, 7, 14.14
1634824425, 1, 98, 249, 207, 4294967292, 0.56%, 9, 0, 7, 12.10
1634824430, 1, 98, 250, 208, 4294967292, 0.56%, 9, 0, 7, 11.89
1634824435, 1, 99, 250, 207, 0, 0.56%, 9, 0, 7, 19.06
1634824446, 1, 100, 250, 206, 0, 0.56%, 9, 0, 7, 25.06
1634824461, 1, 102, 250, 206, 0, 0.56%, 9, 0, 7, 22.80
1634824476, 1, 103, 251, 206, 0, 0.56%, 9, 0, 7, 25.85
1634824492, 1, 115, 251, 205, 0, 0.56%, 9, 0, 7, 15.91
1634824497, 1, 115, 252, 206, 0, 0.56%, 9, 0, 7, 11.68
1634824517, 1, 117, 252, 205, 0, 0.56%, 9, 0, 7, 13.72
1634824533, 1, 117, 253, 206, 0, 0.56%, 9, 0, 7, 11.37
1634824543, 1, 118, 253, 205, 0, 0.56%, 9, 0, 7, 14.41
1634824559, 1, 120, 253, 205, 0, 0.56%, 9, 0, 7, 14.86
1634824564, 1, 120, 253, 205, 0, 0.56%, 10, 0, 7, 15.70
1634824569, 1, 120, 254, 206, 0, 0.56%, 10, 0, 7, 16.29
1634824579, 1, 120, 255, 207, 0, 0.56%, 10, 0, 7, 14.29
1634824584, 1, 121, 256, 207, 0, 0.56%, 10, 0, 7, 14.64
1634824600, 1, 121, 258, 209, 0, 0.56%, 10, 0, 7, 9.82
1634824620, 1, 122, 258, 208, 0, 0.56%, 10, 0, 7, 12.97
1634824636, 1, 122, 260, 210, 0, 0.56%, 10, 0, 7, 15.11
1634824641, 1, 128, 260, 209, 0, 0.56%, 10, 0, 7, 25.05
1634824651, 1, 130, 260, 208, 0, 0.56%, 10, 0, 7, 24.59
1634824666, 1, 136, 260, 207, 0, 0.56%, 10, 0, 7, 18.13
1634824682, 1, 139, 260, 206, 0, 0.56%, 10, 0, 7, 21.26
1634824697, 1, 144, 260, 205, 0, 0.56%, 10, 0, 7, 25.20
1634824707, 1, 147, 260, 204, 0, 0.56%, 10, 0, 7, 28.25
1634824723, 1, 151, 260, 203, 0, 0.56%, 10, 0, 7, 28.68
1634824733, 1, 152, 260, 202, 0, 0.56%, 10, 0, 7, 49.64
1634824738, 1, 153, 260, 201, 0, 0.56%, 10, 0, 7, 37.64
1634824748, 1, 160, 260, 200, 0, 0.56%, 10, 0, 7, 21.02
1634824769, 1, 173, 260, 199, 0, 0.56%, 10, 0, 7, 14.38
1634824790, 1, 176, 260, 198, 0, 0.56%, 10, 0, 7, 12.07
1634824815, 1, 183, 260, 197, 0, 0.56%, 10, 0, 7, 10.08
1634824841, 1, 186, 260, 196, 0, 0.56%, 10, 0, 7, 11.02
1634824862, 1, 186, 261, 197, 0, 0.56%, 10, 0, 7, 10.76
1634824867, 1, 187, 261, 196, 0, 0.56%, 10, 0, 7, 11.98
1634824888, 1, 190, 261, 195, 0, 0.56%, 10, 0, 7, 11.88
1634824898, 1, 190, 262, 196, 0, 0.56%, 10, 0, 7, 8.34
1634824923, 1, 196, 262, 195, 0, 0.56%, 10, 0, 7, 8.98
1634824938, 1, 196, 262, 195, 0, 0.56%, 11, 0, 7, 12.33
1634824948, 1, 198, 262, 194, 0, 0.56%, 11, 0, 7, 11.31
1634824969, 1, 200, 262, 193, 0, 0.56%, 11, 0, 7, 12.83
1634824979, 1, 200, 263, 194, 0, 0.56%, 11, 0, 7, 11.11
1634824984, 1, 200, 264, 195, 0, 0.56%, 11, 0, 7, 11.83
1634825000, 1, 203, 264, 194, 0, 0.56%, 11, 0, 7, 11.45
1634825005, 1, 203, 265, 195, 0, 0.56%, 11, 0, 7, 10.50
1634825020, 1, 203, 266, 196, 0, 0.56%, 11, 0, 7, 10.56
1634825026, 1, 203, 267, 197, 0, 0.56%, 11, 0, 7, 9.34
1634825041, 1, 205, 267, 197, 0, 0.56%, 11, 0, 7, 14.04
1634825046, 1, 205, 269, 199, 0, 0.56%, 11, 0, 7, 13.78
1634825061, 1, 212, 269, 199, 0, 0.56%, 11, 0, 7, 15.82
1634825102, 1, 220, 269, 198, 0, 0.56%, 11, 0, 7, 9.89
1634825133, 1, 224, 269, 197, 0, 0.56%, 11, 0, 7, 8.82
1634825138, 1, 224, 270, 198, 0, 0.56%, 11, 0, 7, 8.31
1634825184, 1, 226, 270, 197, 0, 0.56%, 11, 0, 7, 7.63
1634825225, 1, 235, 270, 196, 0, 0.56%, 11, 0, 7, 7.76
1634825256, 1, 239, 270, 195, 0, 0.56%, 11, 0, 7, 11.27
1634825281, 1, 243, 270, 194, 0, 0.56%, 11, 0, 7, 12.45
1634825307, 1, 243, 270, 194, 0, 0.56%, 12, 0, 7, 9.13
1634825317, 1, 245, 270, 194, 0, 0.56%, 12, 0, 7, 9.23
1634825327, 1, 245, 271, 195, 0, 0.56%, 12, 0, 7, 8.04
1634825332, 1, 245, 272, 196, 0, 0.56%, 12, 0, 7, 7.75
1634825358, 1, 249, 272, 196, 0, 0.56%, 12, 0, 7, 8.56
1634825368, 1, 249, 272, 196, 0, 0.56%, 13, 0, 7, 23.39
1634825373, 1, 250, 272, 195, 0, 0.56%, 13, 0, 7, 26.33
1634825389, 1, 257, 272, 194, 4294967295, 0.56%, 13, 0, 7, 18.11
1634825430, 1, 259, 272, 193, 4294967294, 0.56%, 13, 0, 7, 8.49
1634825460, 1, 261, 272, 192, 4294967293, 0.56%, 13, 0, 7, 11.11
1634825491, 1, 262, 272, 191, 4294967292, 0.56%, 13, 0, 7, 12.54
1634825527, 1, 263, 272, 190, 4294967291, 0.56%, 13, 0, 7, 12.62
1634825568, 1, 266, 272, 189, 4294967290, 0.56%, 13, 0, 7, 11.85
1634825573, 1, 266, 273, 190, 4294967290, 0.56%, 13, 0, 7, 13.20
1634825609, 1, 268, 273, 189, 0, 0.56%, 13, 0, 7, 16.87
1634825639, 1, 269, 273, 188, 4294967295, 0.56%, 13, 0, 7, 13.60
1634825690, 1, 270, 273, 187, 4294967294, 0.56%, 13, 0, 7, 7.42
1634825716, 1, 270, 274, 188, 4294967294, 0.56%, 13, 0, 8, 7.09
1634825746, 1, 272, 274, 187, 0, 0.56%, 13, 0, 8, 12.21
1634825756, 1, 272, 275, 188, 0, 0.56%, 13, 0, 8, 13.60
1634825767, 1, 272, 276, 189, 0, 0.56%, 13, 0, 8, 9.96
1634825797, 1, 273, 276, 188, 0, 0.56%, 13, 0, 8, 9.96
1634825833, 1, 273, 277, 189, 0, 0.56%, 13, 0, 9, 10.64
1634825874, 1, 275, 277, 188, 0, 0.56%, 13, 0, 9, 10.13
1634825890, 1, 275, 278, 189, 0, 0.56%, 13, 0, 9, 9.17
1634825895, 1, 275, 279, 190, 0, 0.57%, 13, 0, 9, 7.94
1634825936, 1, 276, 279, 189, 0, 0.57%, 14, 0, 9, 8.54
1634826013, 1, 277, 279, 188, 4294967295, 0.57%, 14, 0, 9, 7.85
1634826018, 1, 277, 280, 189, 4294967295, 0.57%, 14, 0, 9, 7.78
1634826089, 1, 278, 280, 188, 0, 0.57%, 14, 0, 9, 9.15
1634826125, 1, 279, 280, 187, 4294967295, 0.57%, 14, 0, 9, 10.11
1634826172, 1, 279, 280, 187, 4294967295, 0.57%, 15, 0, 9, 7.68
1634826177, 2, 10, 280, 186, 4294967294, 0.57%, 15, 0, 9, 16.32
1634826192, 2, 66, 280, 185, 4294967294, 0.57%, 15, 0, 9, 17.51
1634826213, 2, 106, 280, 184, 4294967294, 0.57%, 15, 0, 9, 21.41
1634826223, 2, 233, 280, 183, 4294967294, 0.57%, 15, 0, 9, 14.21
1634826259, 3, 179, 280, 183, 4294967294, 0.57%, 15, 0, 9, 8.39
1634826295, 4, 96, 280, 182, 4294967294, 0.57%, 15, 0, 9, 12.25
1634826315, 4, 143, 280, 181, 4294967294, 0.57%, 15, 0, 9, 14.45
1634826336, 4, 196, 280, 180, 4294967294, 0.57%, 15, 0, 9, 11.31
1634826346, 4, 196, 281, 181, 4294967294, 0.57%, 15, 0, 9, 9.04
1634826367, 4, 198, 281, 181, 0, 0.57%, 15, 0, 9, 11.65
1634826387, 4, 201, 281, 181, 0, 0.57%, 15, 0, 9, 14.33
1634826413, 4, 209, 281, 180, 0, 0.57%, 15, 0, 9, 11.05
1634826438, 4, 212, 281, 179, 0, 0.57%, 15, 0, 9, 9.94
1634826479, 4, 214, 281, 179, 0, 0.57%, 15, 0, 9, 7.85
1634826520, 4, 217, 281, 178, 0, 0.57%, 15, 0, 9, 7.23
1634826546, 4, 217, 282, 179, 0, 0.57%, 15, 0, 9, 7.48
1634826566, 4, 218, 282, 179, 0, 0.57%, 15, 0, 9, 8.11
1634826597, 4, 222, 282, 178, 0, 0.57%, 15, 0, 9, 10.56
1634826622, 4, 244, 282, 177, 0, 0.57%, 15, 0, 9, 11.41
1634826648, 4, 250, 282, 176, 0, 0.57%, 15, 0, 9, 20.82
1634826658, 4, 250, 283, 177, 0, 0.57%, 15, 0, 9, 19.00
1634826664, 4, 251, 283, 177, 0, 0.57%, 15, 0, 9, 14.95
1634826684, 4, 251, 284, 178, 0, 0.57%, 15, 0, 9, 8.25
1634826705, 4, 254, 284, 177, 0, 0.57%, 15, 0, 9, 11.90
1634826725, 4, 257, 284, 176, 0, 0.57%, 15, 0, 9, 14.43
1634826735, 4, 257, 285, 177, 0, 0.57%, 15, 0, 9, 8.61
1634826750, 4, 257, 286, 178, 0, 0.57%, 15, 0, 9, 7.94
1634826766, 4, 257, 287, 179, 0, 0.57%, 15, 0, 9, 7.66
1634826771, 4, 260, 287, 179, 0, 0.57%, 15, 0, 9, 8.88
1634826817, 4, 261, 287, 178, 0, 0.57%, 15, 0, 9, 8.07
1634826858, 4, 262, 287, 178, 0, 0.57%, 15, 0, 9, 8.01
1634826889, 4, 263, 287, 178, 0, 0.57%, 15, 0, 9, 13.41
1634826910, 4, 268, 287, 178, 0, 0.57%, 15, 0, 9, 13.63
1634826940, 4, 269, 287, 178, 0, 0.57%, 15, 0, 9, 9.77
1634826976, 4, 271, 287, 178, 0, 0.57%, 15, 0, 9, 8.52
1634827022, 4, 276, 287, 177, 0, 0.57%, 15, 0, 9, 9.74
1634827058, 4, 278, 287, 177, 0, 0.57%, 15, 0, 9, 8.43
1634827099, 4, 279, 287, 177, 0, 0.57%, 15, 0, 9, 7.15
1634827150, 4, 280, 287, 177, 0, 0.57%, 15, 0, 9, 7.07
1634827278, 4, 282, 287, 176, 4294967295, 0.57%, 15, 0, 9, 9.74
1634827283, 4, 282, 288, 177, 4294967295, 0.57%, 15, 0, 9, 9.63
1634827303, 4, 282, 289, 178, 4294967295, 0.57%, 15, 0, 9, 10.34
1634827452, 4, 286, 289, 177, 0, 0.57%, 15, 0, 9, 8.90
1634827555, 4, 288, 289, 176, 4294967295, 0.57%, 15, 0, 9, 13.24
1634827611, 5, 53, 289, 175, 4294967294, 0.57%, 15, 0, 9, 24.31
1634827621, 5, 144, 289, 174, 4294967294, 0.57%, 15, 0, 9, 27.55
1634827631, 5, 167, 289, 174, 4294967294, 0.57%, 15, 0, 9, 21.35
1634827652, 5, 208, 289, 174, 4294967294, 0.57%, 15, 0, 9, 13.87
1634827677, 6, 99, 289, 174, 4294967294, 0.57%, 15, 0, 9, 19.05
1634827693, 6, 116, 289, 174, 4294967294, 0.57%, 15, 0, 9, 16.34
1634827713, 6, 149, 289, 173, 4294967294, 0.57%, 15, 0, 9, 22.60
1634827723, 6, 241, 289, 172, 4294967294, 0.57%, 15, 0, 9, 13.98
1634827754, 7, 32, 289, 171, 4294967294, 0.57%, 15, 0, 9, 17.03
1634827764, 7, 63, 289, 170, 4294967294, 0.57%, 15, 0, 9, 23.47
1634827780, 7, 154, 289, 170, 4294967294, 0.57%, 15, 0, 9, 21.52
1634827795, 7, 167, 289, 169, 4294967294, 0.57%, 15, 0, 9, 16.88
1634827815, 7, 239, 289, 169, 4294967294, 0.57%, 15, 0, 9, 10.46
1634827857, 8, 10, 289, 169, 4294967294, 0.57%, 15, 0, 9, 19.68
1634827867, 8, 47, 289, 169, 4294967294, 0.57%, 15, 0, 9, 21.02
1634827887, 8, 57, 289, 168, 4294967294, 0.57%, 15, 0, 9, 16.37
1634827903, 9, 77, 289, 167, 4294967294, 0.57%, 15, 0, 9, 17.80
1634827923, 10, 8, 289, 166, 4294967294, 0.57%, 15, 0, 9, 21.41
1634827933, 10, 45, 289, 165, 4294967294, 0.57%, 15, 0, 9, 20.15
1634827938, 10, 186, 289, 164, 4294967294, 0.57%, 15, 0, 9, 17.33
1634827964, 10, 186, 289, 164, 4294967294, 0.57%, 16, 0, 9, 9.95
1634827969, 10, 218, 289, 164, 4294967294, 0.57%, 16, 0, 9, 14.38
1634827984, 10, 278, 289, 164, 4294967294, 0.57%, 16, 0, 9, 15.81
1634828010, 10, 286, 289, 164, 4294967294, 0.57%, 16, 0, 9, 13.67
1634828030, 11, 102, 289, 164, 4294967294, 0.57%, 16, 0, 9, 19.40
1634828046, 12, 86, 289, 164, 4294967294, 0.57%, 16, 0, 9, 16.66
1634828071, 12, 101, 289, 163, 4294967294, 0.57%, 16, 0, 9, 18.67
1634828087, 12, 198, 289, 162, 4294967294, 0.57%, 16, 0, 9, 11.70
1634828117, 12, 269, 289, 162, 4294967294, 0.57%, 16, 0, 9, 8.20
1634828158, 13, 47, 289, 162, 4294967294, 0.57%, 16, 0, 9, 10.54
1634828189, 13, 105, 289, 162, 4294967294, 0.57%, 16, 0, 9, 20.97
1634828199, 13, 265, 289, 161, 4294967294, 0.57%, 16, 0, 9, 15.85
1634828235, 14, 276, 289, 160, 4294967294, 0.57%, 16, 0, 9, 9.86
1634828287, 15, 1, 289, 160, 4294967294, 0.57%, 16, 0, 9, 17.86
1634828302, 16, 4, 289, 160, 4294967294, 0.57%, 16, 0, 9, 22.70
1634828312, 16, 34, 289, 159, 4294967294, 0.57%, 16, 0, 9, 22.12
1634828333, 16, 53, 289, 158, 4294967294, 0.57%, 16, 0, 9, 14.53
1634828354, 16, 156, 289, 158, 4294967294, 0.57%, 16, 0, 9, 18.02
1634828369, 16, 260, 289, 157, 4294967294, 0.57%, 16, 0, 9, 16.20
1634828415, 17, 22, 289, 157, 4294967294, 0.57%, 16, 0, 9, 17.65
1634828430, 17, 42, 289, 156, 4294967294, 0.57%, 16, 0, 9, 19.51
1634828446, 17, 70, 289, 155, 4294967294, 0.57%, 16, 0, 9, 15.99
1634828471, 17, 119, 289, 154, 4294967294, 0.57%, 16, 0, 9, 10.65
1634828502, 17, 182, 289, 153, 4294967294, 0.57%, 16, 0, 9, 9.34
1634828532, 17, 200, 289, 152, 4294967294, 0.57%, 16, 0, 9, 8.97
1634828568, 17, 223, 289, 152, 4294967294, 0.57%, 16, 0, 9, 19.71
1634828578, 17, 243, 289, 152, 4294967294, 0.57%, 16, 0, 9, 25.73
1634828615, 18, 106, 289, 152, 4294967294, 0.57%, 16, 0, 9, 16.95
1634828630, 18, 156, 289, 152, 4294967294, 0.57%, 16, 0, 9, 23.00
1634828645, 18, 166, 289, 152, 4294967294, 0.57%, 16, 0, 9, 34.91
1634828655, 18, 181, 290, 152, 4294967294, 0.57%, 16, 0, 9, 15.19
1634828697, 18, 183, 290, 151, 0, 0.57%, 16, 0, 9, 9.16
1634828727, 18, 184, 290, 151, 0, 0.57%, 16, 0, 9, 9.71
1634828758, 18, 191, 290, 150, 0, 0.57%, 16, 0, 9, 9.42
1634828789, 18, 193, 290, 149, 0, 0.57%, 16, 0, 9, 11.53
1634828809, 18, 195, 290, 148, 0, 0.57%, 16, 0, 9, 11.34
1634828845, 18, 199, 290, 148, 0, 0.57%, 16, 0, 9, 13.27
1634828865, 18, 208, 290, 148, 0, 0.57%, 16, 0, 9, 12.92
1634828896, 18, 211, 290, 148, 0, 0.57%, 16, 0, 9, 8.67
1634828937, 18, 213, 290, 147, 0, 0.57%, 16, 0, 9, 11.69
1634828958, 18, 226, 290, 146, 0, 0.57%, 16, 0, 9, 12.65
1634828988, 18, 228, 290, 146, 0, 0.57%, 16, 0, 9, 9.56
1634829024, 18, 233, 290, 145, 0, 0.57%, 16, 0, 9, 9.53
1634829055, 18, 252, 291, 146, 0, 0.57%, 16, 0, 9, 11.04
1634829060, 18, 252, 292, 147, 0, 0.57%, 16, 0, 9, 12.24
1634829065, 18, 252, 293, 148, 0, 0.57%, 16, 0, 9, 12.13
1634829071, 18, 252, 294, 149, 0, 0.57%, 16, 0, 9, 11.59
1634829214, 18, 255, 294, 148, 0, 0.57%, 16, 0, 9, 14.34
1634829235, 18, 256, 294, 147, 0, 0.57%, 16, 0, 9, 13.36
1634829266, 18, 261, 294, 146, 0, 0.57%, 16, 0, 9, 10.88
1634829291, 18, 262, 294, 146, 0, 0.57%, 16, 0, 9, 10.87
1634829332, 18, 268, 294, 146, 0, 0.57%, 16, 0, 9, 14.14
1634829353, 18, 269, 294, 146, 0, 0.57%, 16, 0, 9, 11.65
1634829389, 18, 276, 294, 146, 0, 0.57%, 16, 0, 9, 8.71
1634829425, 18, 279, 294, 146, 0, 0.57%, 16, 0, 9, 9.68
1634829476, 18, 280, 294, 146, 0, 0.57%, 16, 0, 9, 8.12
1634829512, 18, 284, 294, 146, 0, 0.57%, 16, 0, 9, 8.71
1634829619, 18, 286, 294, 145, 0, 0.57%, 16, 0, 9, 7.41
1634829660, 18, 288, 294, 145, 0, 0.57%, 16, 0, 9, 8.42
1634829686, 18, 290, 294, 145, 0, 0.57%, 16, 0, 9, 13.93
1634829742, 18, 291, 294, 144, 0, 0.57%, 16, 0, 9, 17.29
1634829819, 18, 293, 294, 143, 4294967295, 0.57%, 16, 0, 9, 14.83
1634829875, 19, 214, 294, 142, 4294967294, 0.57%, 16, 0, 9, 12.12
1634829901, 20, 31, 294, 142, 4294967294, 0.57%, 16, 0, 9, 15.86
1634829921, 20, 59, 294, 141, 4294967294, 0.57%, 16, 0, 9, 14.85
1634829942, 20, 146, 294, 140, 4294967294, 0.57%, 16, 0, 9, 25.24
1634829952, 20, 215, 294, 139, 4294967294, 0.57%, 16, 0, 9, 15.34
1634829982, 21, 42, 294, 139, 4294967294, 0.57%, 16, 0, 9, 15.92
1634829998, 21, 185, 294, 139, 4294967294, 0.57%, 16, 0, 9, 11.63
1634830028, 21, 240, 294, 138, 4294967294, 0.57%, 16, 0, 9, 8.59
1634830069, 22, 2, 294, 138, 4294967294, 0.57%, 16, 0, 9, 15.53
1634830074, 22, 162, 294, 138, 4294967294, 0.57%, 16, 0, 9, 16.60
1634830089, 22, 167, 294, 137, 4294967294, 0.57%, 16, 0, 9, 15.62
1634830110, 22, 167, 294, 137, 4294967294, 0.57%, 17, 0, 9, 10.90
1634830120, 22, 280, 295, 138, 4294967294, 0.57%, 17, 0, 9, 9.09
1634830167, 22, 281, 295, 138, 0, 0.57%, 17, 0, 9, 8.02
1634830279, 22, 294, 295, 137, 4294967295, 0.57%, 17, 0, 9, 9.53
1634830361, 23, 40, 295, 136, 4294967294, 0.57%, 17, 0, 9, 22.66
1634830372, 23, 140, 295, 135, 4294967294, 0.57%, 17, 0, 9, 20.26
1634830387, 23, 153, 295, 134, 4294967294, 0.57%, 17, 0, 9, 23.28
1634830398, 23, 273, 295, 134, 4294967294, 0.57%, 17, 0, 9, 16.97
1634830439, 23, 276, 295, 134, 4294967294, 0.57%, 17, 0, 9, 8.57
1634830485, 24, 215, 295, 134, 4294967294, 0.57%, 17, 0, 9, 7.59
1634830511, 25, 24, 295, 134, 4294967294, 0.57%, 17, 0, 9, 21.56
1634830526, 25, 59, 295, 133, 4294967294, 0.57%, 17, 0, 9, 17.30
1634830546, 26, 35, 295, 133, 4294967294, 0.57%, 17, 0, 9, 14.91
1634830567, 26, 206, 295, 132, 4294967294, 0.57%, 17, 0, 9, 13.74
1634830592, 27, 163, 295, 132, 4294967294, 0.57%, 17, 0, 9, 12.73
1634830618, 27, 203, 295, 131, 4294967294, 0.57%, 17, 0, 9, 11.15
1634830643, 28, 32, 295, 131, 4294967294, 0.57%, 17, 0, 9, 12.77
1634830659, 28, 166, 295, 131, 4294967294, 0.57%, 17, 0, 9, 32.73
1634830664, 28, 206, 295, 131, 4294967294, 0.57%, 17, 0, 9, 8.89
1634830705, 28, 208, 295, 131, 4294967294, 0.57%, 17, 0, 9, 9.66
1634830731, 28, 292, 295, 131, 4294967294, 0.57%, 17, 0, 9, 12.60
1634830818, 29, 108, 295, 130, 4294967294, 0.57%, 17, 0, 9, 19.06
1634830828, 29, 207, 295, 129, 4294967294, 0.57%, 17, 0, 9, 21.65
1634830849, 29, 210, 295, 128, 4294967294, 0.57%, 17, 0, 9, 15.08
1634830890, 30, 18, 295, 127, 4294967294, 0.57%, 17, 0, 9, 8.10
1634830905, 30, 212, 295, 126, 4294967294, 0.57%, 17, 0, 9, 14.75
1634830951, 30, 235, 295, 126, 4294967294, 0.57%, 17, 0, 9, 9.65
1634830982, 30, 236, 295, 126, 4294967294, 0.57%, 17, 0, 9, 10.69
1634831008, 30, 236, 296, 127, 4294967294, 0.57%, 17, 0, 9, 11.13
1634831013, 30, 248, 296, 127, 0, 0.57%, 17, 0, 9, 12.40
1634831038, 30, 258, 296, 126, 0, 0.57%, 17, 0, 9, 35.72
1634831054, 30, 261, 296, 125, 0, 0.57%, 17, 0, 9, 15.45
1634831084, 30, 262, 296, 125, 0, 0.57%, 17, 0, 9, 11.81
1634831105, 30, 268, 296, 125, 0, 0.57%, 17, 0, 9, 13.84
1634831131, 30, 269, 296, 125, 0, 0.57%, 17, 0, 9, 11.78
1634831167, 30, 279, 296, 125, 0, 0.57%, 17, 0, 9, 7.87
1634831219, 30, 281, 296, 125, 0, 0.57%, 17, 0, 9, 7.97
1634831250, 30, 285, 296, 125, 0, 0.57%, 17, 0, 9, 9.25
1634831368, 30, 287, 296, 124, 0, 0.57%, 17, 0, 9, 9.68
1634831409, 30, 288, 296, 123, 0, 0.57%, 17, 0, 9, 16.39
1634831435, 30, 291, 296, 123, 0, 0.57%, 17, 0, 9, 12.76
1634831532, 30, 293, 296, 123, 0, 0.57%, 17, 0, 9, 10.72
1634831609, 30, 294, 296, 123, 0, 0.57%, 17, 0, 9, 9.54
1634831716, 30, 295, 296, 123, 0, 0.57%, 17, 0, 9, 7.80
1634831835, 31, 133, 296, 122, 4294967295, 0.57%, 17, 0, 9, 20.31
1634831845, 31, 148, 296, 121, 4294967295, 0.57%, 17, 0, 9, 28.02
1634831860, 31, 249, 296, 120, 4294967295, 0.57%, 17, 0, 9, 16.08
1634831881, 32, 57, 296, 120, 4294967295, 0.57%, 17, 0, 9, 24.12
1634831891, 32, 118, 296, 120, 4294967295, 0.57%, 17, 0, 9, 23.43
1634831917, 33, 2, 296, 120, 4294967295, 0.57%, 17, 0, 9, 17.27
1634831922, 33, 3, 297, 121, 0, 0.57%, 17, 0, 9, 24.07
1634831937, 33, 6, 297, 120, 0, 0.57%, 17, 0, 9, 22.57
1634831947, 33, 20, 297, 119, 0, 0.57%, 17, 0, 9, 21.70
1634831963, 33, 33, 297, 118, 0, 0.57%, 17, 0, 9, 21.97
1634831978, 33, 37, 297, 117, 0, 0.57%, 17, 0, 9, 21.23
1634831993, 33, 43, 297, 116, 0, 0.57%, 17, 0, 9, 21.55
1634832009, 33, 46, 297, 115, 0, 0.57%, 17, 0, 9, 19.62
1634832029, 33, 55, 297, 114, 0, 0.57%, 17, 0, 9, 19.94
1634832040, 33, 56, 297, 113, 0, 0.57%, 17, 0, 9, 21.46
1634832060, 33, 58, 297, 112, 0, 0.57%, 17, 0, 9, 16.71
1634832075, 33, 61, 297, 111, 0, 0.57%, 17, 0, 9, 18.75
1634832091, 33, 68, 297, 110, 0, 0.57%, 17, 0, 9, 18.65
1634832111, 33, 71, 297, 109, 0, 0.57%, 17, 0, 9, 14.26
1634832137, 33, 86, 297, 108, 0, 0.57%, 17, 0, 9, 12.49
1634832163, 33, 92, 297, 108, 0, 0.57%, 17, 0, 9, 13.07
1634832481, 33, 100, 298, 109, 0, 0.57%, 17, 0, 9, 15.29
1634832512, 33, 104, 298, 109, 0, 0.57%, 17, 0, 9, 11.86
1634834690, 33, 112, 298, 108, 0, 0.57%, 17, 0, 9, 9.15
1634834726, 33, 114, 298, 107, 0, 0.57%, 17, 0, 9, 8.31
1634834763, 33, 123, 298, 106, 0, 0.57%, 17, 0, 9, 19.42
1634836809, 33, 133, 298, 105, 0, 0.57%, 17, 0, 9, 13.57
1634836835, 33, 135, 298, 105, 0, 0.57%, 17, 0, 9, 10.67
1634853621, 33, 138, 298, 104, 0, 0.57%, 17, 0, 9, 15.12
1634853642, 33, 139, 298, 103, 0, 0.57%, 17, 0, 9, 13.24
1634853662, 33, 144, 298, 103, 0, 0.57%, 17, 0, 9, 18.60
1634853677, 33, 147, 298, 103, 0, 0.57%, 17, 0, 9, 23.84
1634853693, 33, 157, 298, 103, 0, 0.57%, 17, 0, 9, 33.04
1634853698, 33, 163, 298, 102, 0, 0.57%, 17, 0, 9, 9.00
1634853995, 33, 168, 298, 102, 0, 0.57%, 17, 0, 9, 0.95
1634854005, 33, 168, 299, 103, 0, 0.57%, 17, 0, 9, 12.40
1634854327, 33, 171, 299, 102, 0, 0.57%, 17, 0, 9, 11.38
1634854345, 33, 171, 300, 103, 0, 0.57%, 17, 0, 9, 1.37
1634856256, 33, 188, 300, 102, 0, 0.57%, 17, 0, 9, 15.25
1634856298, 33, 195, 300, 101, 0, 0.57%, 17, 0, 9, 6.89
1634856339, 33, 200, 300, 101, 0, 0.57%, 17, 0, 9, 6.83
1634858637, 33, 216, 300, 101, 0, 0.57%, 17, 0, 9, 0.48
1634858986, 33, 219, 300, 100, 0, 0.57%, 17, 0, 9, 6.72
1634862645, 33, 226, 300, 99, 0, 0.57%, 17, 0, 9, 6.84
1634862692, 33, 231, 300, 99, 0, 0.57%, 17, 0, 9, 7.06
1634862745, 33, 237, 300, 98, 0, 0.57%, 17, 0, 9, 10.24
1634862776, 33, 242, 300, 97, 0, 0.57%, 17, 0, 9, 8.39
1634862812, 33, 246, 300, 96, 0, 0.57%, 17, 0, 9, 9.03
1634862848, 33, 268, 300, 96, 0, 0.57%, 17, 0, 9, 10.70
1634862863, 33, 268, 300, 96, 0, 0.57%, 18, 0, 9, 8.76
1634862884, 33, 269, 300, 96, 0, 0.57%, 18, 0, 9, 7.89
1634862930, 33, 279, 300, 96, 0, 0.57%, 18, 0, 9, 7.00
1634862981, 33, 281, 300, 96, 0, 0.57%, 18, 0, 9, 7.08
1634863022, 33, 288, 300, 96, 0, 0.57%, 18, 0, 9, 9.23
1634863053, 33, 293, 300, 96, 0, 0.57%, 18, 0, 9, 9.01
1634863165, 33, 294, 300, 96, 0, 0.57%, 18, 0, 9, 2.59
1634863284, 33, 295, 300, 96, 0, 0.57%, 18, 0, 9, 7.24
1634863397, 33, 296, 300, 96, 0, 0.57%, 18, 0, 9, 8.40
1634863449, 33, 296, 301, 97, 0, 0.57%, 18, 0, 9, 12.05
1634863464, 33, 297, 301, 96, 0, 0.57%, 18, 0, 9, 19.49
1634863480, 33, 298, 301, 95, 4294967295, 0.57%, 18, 0, 9, 15.20
1634863495, 33, 298, 302, 96, 4294967295, 0.57%, 18, 0, 9, 11.06
1634863577, 33, 299, 302, 95, 0, 0.57%, 18, 0, 9, 15.53
1634863613, 34, 0, 302, 94, 0, 0.57%, 18, 0, 9, 17.14
1634863634, 34, 1, 302, 94, 0, 0.57%, 18, 0, 9, 16.25
1634863654, 34, 2, 302, 94, 0, 0.57%, 18, 0, 9, 15.55
1634863675, 34, 21, 302, 94, 0, 0.57%, 18, 0, 9, 17.28
1634863690, 34, 30, 302, 93, 0, 0.57%, 18, 0, 9, 15.59
1634863716, 34, 36, 302, 92, 0, 0.57%, 18, 0, 9, 12.67
1634863736, 34, 49, 302, 91, 0, 0.57%, 18, 0, 9, 14.19
1634863757, 34, 52, 302, 90, 0, 0.57%, 18, 0, 9, 14.25
1634863788, 34, 55, 302, 89, 0, 0.57%, 18, 0, 9, 15.65
1634863803, 34, 69, 302, 89, 0, 0.57%, 18, 0, 9, 15.70
1634863829, 34, 72, 302, 88, 0, 0.57%, 18, 0, 9, 11.02
1634863859, 34, 78, 302, 88, 0, 0.57%, 18, 0, 9, 12.27
1634863885, 34, 82, 302, 87, 0, 0.57%, 18, 0, 9, 16.25
1634863900, 34, 88, 302, 86, 0, 0.57%, 18, 0, 9, 14.94
1634863926, 34, 90, 302, 85, 0, 0.57%, 18, 0, 9, 11.00
1634863957, 34, 93, 302, 84, 0, 0.57%, 18, 0, 9, 12.68
1634863977, 34, 126, 302, 83, 0, 0.57%, 18, 0, 9, 11.80
1634864013, 34, 141, 302, 82, 0, 0.57%, 18, 0, 9, 14.39
1634864029, 34, 143, 302, 81, 0, 0.57%, 18, 0, 9, 14.18
1634864049, 34, 159, 302, 81, 0, 0.57%, 18, 0, 9, 13.26
1634864075, 34, 164, 302, 80, 0, 0.57%, 18, 0, 9, 10.61
1634864111, 34, 167, 302, 79, 0, 0.57%, 18, 0, 9, 8.82
1634864141, 34, 174, 302, 79, 0, 0.57%, 18, 0, 9, 9.39
1634864177, 34, 183, 302, 78, 0, 0.57%, 18, 0, 9, 7.65
1634864213, 34, 197, 302, 78, 0, 0.57%, 18, 0, 9, 7.46
1634864249, 34, 223, 302, 77, 0, 0.57%, 18, 0, 9, 20.71
1634864265, 34, 228, 302, 77, 0, 0.57%, 18, 0, 9, 14.74
1634864306, 34, 232, 302, 77, 0, 0.57%, 18, 0, 9, 7.70
1634864347, 34, 237, 302, 77, 0, 0.57%, 18, 0, 9, 9.01
1634864383, 34, 245, 302, 77, 0, 0.57%, 18, 0, 9, 8.58
1634864424, 34, 252, 302, 77, 0, 0.57%, 18, 0, 9, 9.02
1634864450, 34, 258, 302, 77, 0, 0.57%, 18, 0, 9, 10.56
1634864460, 34, 268, 302, 77, 0, 0.57%, 18, 0, 9, 24.60
1634864501, 34, 270, 302, 77, 0, 0.57%, 18, 0, 9, 7.80
1634864542, 34, 279, 302, 77, 0, 0.57%, 18, 0, 9, 10.01
1634864573, 34, 281, 302, 77, 0, 0.57%, 18, 0, 9, 9.62
1634864613, 34, 285, 302, 77, 0, 0.57%, 18, 0, 9, 7.78
1634864650, 34, 288, 302, 77, 0, 0.57%, 18, 0, 9, 13.63
1634864675, 34, 293, 302, 77, 0, 0.57%, 18, 0, 9, 9.82
1634864778, 34, 294, 302, 77, 0, 0.57%, 18, 0, 9, 5.70
1634864897, 34, 295, 302, 77, 0, 0.57%, 18, 0, 9, 9.34
1634864922, 34, 295, 303, 78, 0, 0.57%, 18, 0, 9, 10.00
1634865004, 34, 296, 303, 78, 0, 0.57%, 18, 0, 9, 13.03
1634865035, 34, 296, 304, 79, 0, 0.57%, 18, 0, 9, 9.36
1634865061, 34, 297, 304, 79, 0, 0.57%, 18, 0, 9, 17.51
1634865066, 34, 301, 304, 79, 0, 0.57%, 18, 0, 9, 13.95
1634865175, 34, 302, 304, 78, 4294967295, 0.57%, 18, 0, 9, 10.24
1634865256, 34, 302, 305, 79, 4294967295, 0.57%, 18, 0, 9, 10.49
1634865292, 34, 303, 305, 78, 0, 0.57%, 18, 0, 9, 8.75
1634865339, 34, 304, 305, 77, 4294967295, 0.57%, 18, 0, 9, 9.06
1634865513, 35, 154, 305, 76, 4294967294, 0.57%, 18, 0, 9, 17.97
1634865528, 36, 92, 305, 76, 4294967294, 0.57%, 18, 0, 9, 14.04
1634865559, 36, 149, 305, 76, 4294967294, 0.57%, 18, 0, 9, 27.24
1634865575, 36, 259, 305, 76, 4294967294, 0.57%, 18, 0, 9, 13.92
1634865605, 36, 275, 305, 76, 4294967294, 0.57%, 18, 0, 9, 11.15
1634865621, 36, 290, 305, 76, 4294967294, 0.57%, 18, 0, 9, 15.90
1634865708, 37, 19, 305, 76, 4294967294, 0.57%, 18, 0, 9, 14.29
1634865719, 37, 60, 305, 75, 4294967294, 0.57%, 18, 0, 9, 13.41
1634865744, 37, 87, 305, 74, 4294967294, 0.57%, 18, 0, 9, 9.77
1634865780, 38, 115, 305, 74, 4294967294, 0.57%, 18, 0, 9, 8.46
1634865816, 38, 290, 305, 74, 4294967294, 0.57%, 18, 0, 9, 8.01
1634865935, 39, 16, 305, 74, 4294967294, 0.57%, 18, 0, 9, 12.64
1634865956, 39, 108, 305, 73, 4294967294, 0.57%, 18, 0, 9, 14.97
1634865976, 39, 153, 305, 73, 4294967294, 0.57%, 18, 0, 9, 19.55
1634865992, 39, 175, 305, 73, 4294967294, 0.57%, 18, 0, 9, 15.05
1634866012, 39, 232, 305, 73, 4294967294, 0.57%, 18, 0, 9, 13.29
1634866058, 40, 126, 305, 73, 4294967294, 0.57%, 18, 0, 9, 8.38
1634866084, 40, 253, 305, 73, 4294967294, 0.57%, 18, 0, 9, 12.25
1634866110, 41, 5, 305, 72, 4294967294, 0.57%, 18, 0, 9, 14.07
1634866131, 41, 70, 305, 71, 4294967294, 0.57%, 18, 0, 9, 12.73
1634866161, 41, 79, 305, 71, 4294967294, 0.57%, 18, 0, 9, 9.75
1634866166, 41, 92, 305, 70, 4294967294, 0.57%, 18, 0, 9, 12.11
1634866187, 41, 192, 305, 70, 4294967294, 0.57%, 18, 0, 9, 12.20
1634866218, 41, 244, 305, 69, 4294967294, 0.57%, 18, 0, 9, 9.42
1634866566, 41, 253, 305, 69, 4294967294, 0.57%, 18, 0, 9, 11.49
1634866906, 42, 145, 305, 69, 4294967294, 0.57%, 18, 0, 9, 6.63
1634875069, 42, 147, 305, 68, 4294967294, 0.57%, 18, 0, 9, 26.54
