# unix_time, cycles_done, cur_path, paths_total, pending_total, pending_favs, map_size, unique_crashes, unique_hangs, max_depth, execs_per_sec
1635090597, 0, 0, 4, 4, 0, 0.46%, 0, 0, 1, 18.90
1635090602, 0, 0, 17, 17, 0, 0.50%, 0, 0, 2, 24.60
1635090607, 0, 0, 25, 25, 0, 0.50%, 0, 0, 2, 26.39
1635090612, 0, 0, 31, 31, 0, 0.52%, 0, 0, 2, 26.12
1635090617, 0, 0, 37, 37, 0, 0.52%, 0, 0, 2, 26.07
1635090627, 0, 0, 39, 39, 0, 0.52%, 0, 0, 2, 26.09
1635090632, 0, 0, 43, 43, 0, 0.52%, 0, 0, 2, 26.03
1635090638, 0, 0, 46, 46, 0, 0.52%, 0, 0, 2, 25.81
1635090643, 0, 0, 51, 51, 0, 0.52%, 0, 0, 2, 24.30
1635090648, 0, 0, 55, 55, 0, 0.52%, 0, 0, 2, 24.29
1635090653, 0, 0, 56, 56, 0, 0.52%, 0, 0, 2, 23.35
1635090658, 0, 0, 57, 57, 0, 0.52%, 0, 0, 2, 25.21
1635090663, 0, 0, 58, 58, 0, 0.52%, 0, 0, 2, 25.60
1635090668, 0, 0, 61, 61, 0, 0.53%, 0, 0, 2, 23.89
1635090674, 0, 0, 65, 65, 0, 0.53%, 0, 0, 2, 20.98
1635090679, 0, 0, 68, 68, 0, 0.53%, 1, 0, 2, 17.85
1635090684, 0, 0, 70, 70, 0, 0.53%, 2, 0, 2, 17.99
