# unix_time, cycles_done, cur_path, paths_total, pending_total, pending_favs, map_size, unique_crashes, unique_hangs, max_depth, execs_per_sec
1635140533, 0, 0, 2, 2, 0, 0.40%, 0, 0, 1, 25.28
1635140538, 0, 0, 20, 20, 0, 0.48%, 0, 0, 2, 32.88
1635140543, 0, 0, 30, 30, 0, 0.49%, 0, 0, 2, 34.34
1635140548, 0, 0, 39, 39, 0, 0.49%, 0, 0, 2, 32.74
1635140553, 0, 0, 41, 41, 0, 0.49%, 0, 0, 2, 32.02
1635140558, 0, 0, 46, 46, 0, 0.49%, 0, 0, 2, 33.77
1635140564, 0, 0, 48, 48, 0, 0.49%, 0, 0, 2, 34.40
1635140569, 0, 0, 51, 51, 0, 0.49%, 0, 0, 2, 34.33
1635140574, 0, 0, 53, 53, 0, 0.49%, 0, 0, 2, 34.08
1635140579, 0, 0, 55, 55, 0, 0.49%, 0, 0, 2, 34.68
1635140584, 0, 0, 57, 57, 0, 0.49%, 0, 0, 2, 33.79
1635140589, 0, 0, 59, 59, 0, 0.49%, 0, 0, 2, 33.77
1635140600, 0, 0, 67, 67, 0, 0.49%, 0, 0, 2, 25.54
1635140605, 0, 0, 73, 73, 0, 0.50%, 0, 0, 2, 23.71
1635140610, 0, 0, 75, 75, 0, 0.50%, 0, 0, 2, 21.25
1635140615, 0, 0, 77, 77, 0, 0.50%, 0, 0, 2, 24.28
1635140620, 0, 0, 78, 78, 0, 0.50%, 0, 0, 2, 26.22
1635140625, 0, 0, 80, 80, 0, 0.50%, 0, 0, 2, 25.77
1635140630, 0, 0, 84, 84, 0, 0.50%, 0, 0, 2, 20.90
1635140635, 0, 0, 88, 88, 0, 0.50%, 0, 0, 2, 19.50
1635140640, 0, 0, 89, 89, 0, 0.52%, 0, 0, 2, 20.55
1635140646, 0, 0, 90, 90, 0, 0.52%, 0, 0, 2, 21.01
1635140656, 0, 0, 93, 93, 0, 0.52%, 0, 0, 2, 20.42
1635140661, 0, 0, 97, 97, 0, 0.53%, 0, 0, 2, 20.65
1635140666, 0, 0, 100, 100, 0, 0.53%, 0, 0, 2, 20.37
1635140671, 0, 0, 101, 101, 0, 0.54%, 0, 0, 2, 21.34
1635140676, 0, 0, 102, 102, 0, 0.54%, 0, 0, 2, 21.52
1635140681, 0, 0, 103, 103, 0, 0.54%, 0, 0, 2, 21.40
1635140687, 0, 0, 104, 104, 0, 0.54%, 0, 0, 2, 22.20
1635140692, 0, 0, 105, 105, 0, 0.54%, 0, 0, 2, 22.68
1635140697, 0, 0, 109, 109, 0, 0.54%, 0, 0, 2, 20.54
1635140702, 0, 0, 111, 111, 0, 0.54%, 0, 0, 2, 19.05
1635140707, 0, 0, 112, 112, 0, 0.54%, 0, 0, 2, 19.91
1635140712, 0, 0, 113, 113, 0, 0.54%, 0, 0, 2, 19.81
1635140717, 0, 0, 114, 114, 0, 0.54%, 0, 0, 2, 20.30
1635140722, 0, 0, 116, 116, 0, 0.54%, 0, 0, 2, 19.17
1635140728, 0, 1, 119, 118, 0, 0.54%, 0, 0, 2, 22.37
1635140738, 0, 1, 120, 119, 0, 0.54%, 0, 0, 2, 23.95
1635140748, 0, 1, 122, 121, 0, 0.54%, 0, 0, 2, 24.31
1635140754, 0, 1, 124, 123, 0, 0.54%, 0, 0, 2, 24.06
1635140769, 0, 1, 125, 124, 0, 0.54%, 0, 0, 2, 24.32
1635140774, 0, 1, 126, 125, 0, 0.54%, 0, 0, 2, 24.23
1635140799, 0, 1, 130, 129, 0, 0.54%, 0, 0, 2, 17.86
1635140804, 0, 1, 131, 130, 0, 0.54%, 0, 0, 2, 16.01
1635140830, 0, 1, 132, 131, 0, 0.54%, 0, 0, 2, 16.39
1635140835, 0, 1, 134, 133, 0, 0.54%, 1, 0, 2, 17.59
1635140840, 0, 1, 134, 133, 0, 0.54%, 2, 0, 2, 19.25
1635140845, 0, 1, 136, 135, 0, 0.54%, 3, 0, 2, 20.43
1635140850, 0, 5, 137, 135, 0, 0.54%, 3, 0, 3, 31.54
1635140855, 0, 5, 138, 136, 0, 0.54%, 3, 0, 3, 26.65
