# unix_time, cycles_done, cur_path, paths_total, pending_total, pending_favs, map_size, unique_crashes, unique_hangs, max_depth, execs_per_sec
1634663028, 0, 0, 5, 5, 0, 0.48%, 0, 0, 1, 20.43
1634663033, 0, 0, 12, 12, 0, 0.50%, 0, 0, 2, 22.43
1634663038, 0, 0, 16, 16, 0, 0.50%, 0, 0, 2, 22.33
1634663043, 0, 0, 18, 18, 0, 0.50%, 0, 0, 2, 22.18
1634663058, 0, 0, 19, 19, 0, 0.50%, 0, 0, 2, 22.28
1634663063, 0, 0, 20, 20, 0, 0.50%, 0, 0, 2, 22.34
1634663074, 0, 0, 21, 21, 0, 0.50%, 0, 0, 2, 21.86
1634663089, 0, 0, 22, 22, 0, 0.50%, 0, 0, 2, 23.19
1634663094, 0, 0, 23, 23, 0, 0.50%, 0, 0, 2, 22.66
1634663104, 0, 0, 24, 24, 0, 0.50%, 0, 0, 2, 22.19
1634663114, 0, 0, 32, 32, 0, 0.53%, 0, 0, 2, 16.36
1634663120, 0, 0, 39, 39, 0, 0.53%, 0, 0, 2, 14.41
1634663125, 0, 0, 45, 45, 0, 0.54%, 0, 0, 2, 13.66
1634663130, 0, 0, 48, 48, 0, 0.54%, 0, 0, 2, 13.37
1634663135, 0, 0, 52, 52, 0, 0.54%, 0, 0, 2, 13.91
1634663140, 0, 0, 56, 56, 0, 0.54%, 0, 0, 2, 14.74
1634663145, 0, 0, 60, 60, 0, 0.54%, 0, 0, 2, 15.48
1634663150, 0, 0, 63, 63, 0, 0.54%, 0, 0, 2, 14.24
1634663156, 0, 0, 64, 64, 0, 0.54%, 0, 0, 2, 17.85
1634663161, 0, 0, 66, 66, 0, 0.54%, 0, 0, 2, 15.54
1634663166, 0, 0, 69, 69, 0, 0.54%, 0, 0, 2, 15.13
1634663171, 0, 0, 71, 71, 0, 0.54%, 0, 0, 2, 15.53
1634663176, 0, 0, 76, 76, 0, 0.55%, 0, 0, 2, 13.71
1634663181, 0, 0, 79, 79, 0, 0.55%, 0, 0, 2, 13.44
1634663186, 0, 0, 82, 82, 0, 0.55%, 0, 0, 2, 13.57
1634663192, 0, 0, 83, 83, 0, 0.55%, 0, 0, 2, 13.40
1634663197, 0, 0, 86, 86, 0, 0.55%, 0, 0, 2, 14.35
1634663202, 0, 0, 88, 88, 0, 0.57%, 0, 0, 2, 13.24
1634663212, 0, 0, 90, 90, 0, 0.57%, 0, 0, 2, 13.03
1634663217, 0, 0, 92, 92, 0, 0.57%, 0, 0, 2, 12.80
1634663233, 0, 0, 94, 94, 0, 0.57%, 0, 0, 2, 13.78
1634663243, 0, 0, 96, 96, 0, 0.57%, 0, 0, 2, 12.93
1634663248, 0, 0, 97, 97, 0, 0.57%, 0, 0, 2, 12.49
1634663253, 0, 1, 101, 100, 0, 0.57%, 0, 0, 2, 18.56
1634663258, 0, 1, 102, 101, 0, 0.57%, 0, 0, 2, 22.87
1634663263, 0, 1, 104, 103, 0, 0.57%, 0, 0, 2, 23.39
1634663268, 0, 1, 105, 104, 0, 0.57%, 0, 0, 2, 23.56
1634663273, 0, 1, 106, 105, 0, 0.57%, 0, 0, 2, 23.97
1634663299, 0, 1, 108, 107, 0, 0.57%, 0, 0, 2, 23.73
1634663309, 0, 1, 109, 108, 0, 0.57%, 0, 0, 2, 23.87
1634663325, 0, 1, 113, 112, 0, 0.57%, 0, 0, 2, 21.29
1634663330, 0, 1, 118, 117, 0, 0.57%, 0, 0, 2, 16.25
1634663335, 0, 1, 119, 118, 0, 0.57%, 0, 0, 2, 15.22
1634663345, 0, 1, 120, 119, 0, 0.57%, 0, 0, 2, 15.44
1634663350, 0, 1, 121, 120, 0, 0.57%, 0, 0, 2, 15.05
1634663356, 0, 1, 123, 122, 0, 0.57%, 0, 0, 2, 14.25
1634663361, 0, 1, 124, 123, 0, 0.57%, 0, 0, 2, 14.89
1634663371, 0, 1, 126, 125, 0, 0.57%, 0, 0, 2, 13.89
1634663376, 0, 1, 127, 126, 0, 0.57%, 0, 0, 2, 12.54
1634663386, 0, 1, 128, 127, 0, 0.57%, 0, 0, 2, 13.37
1634663391, 0, 1, 129, 128, 0, 0.57%, 0, 0, 2, 12.26
1634663396, 0, 1, 131, 130, 0, 0.57%, 0, 0, 2, 12.27
1634663402, 0, 1, 133, 132, 0, 0.57%, 0, 0, 2, 12.52
1634663412, 0, 1, 134, 133, 0, 0.57%, 0, 0, 2, 12.59
1634663422, 0, 2, 135, 133, 0, 0.57%, 0, 0, 2, 16.93
1634663427, 0, 2, 136, 134, 0, 0.57%, 0, 0, 2, 15.66
1634663432, 0, 2, 138, 136, 0, 0.57%, 0, 0, 2, 12.16
1634663437, 0, 2, 139, 137, 0, 0.57%, 0, 0, 2, 11.05
1634663443, 0, 2, 140, 138, 0, 0.57%, 0, 0, 2, 11.12
1634663453, 0, 2, 141, 139, 0, 0.57%, 0, 0, 2, 10.79
1634663479, 0, 2, 142, 140, 0, 0.57%, 0, 0, 2, 10.98
1634663484, 0, 2, 144, 142, 0, 0.57%, 0, 0, 2, 10.88
1634663494, 0, 2, 145, 143, 0, 0.57%, 0, 0, 2, 11.99
1634663505, 0, 2, 147, 145, 0, 0.57%, 0, 0, 2, 10.97
1634663510, 0, 2, 148, 146, 0, 0.57%, 0, 0, 2, 10.76
1634663515, 0, 2, 149, 147, 0, 0.57%, 0, 0, 2, 10.23
1634663520, 0, 2, 151, 149, 0, 0.57%, 0, 0, 2, 12.29
1634663530, 0, 3, 153, 150, 0, 0.57%, 0, 0, 2, 18.19
1634663536, 0, 3, 154, 151, 0, 0.57%, 0, 0, 2, 19.91
1634663551, 0, 3, 155, 152, 0, 0.57%, 0, 0, 2, 14.42
1634663556, 0, 3, 156, 153, 0, 0.57%, 0, 0, 2, 15.23
1634663566, 0, 3, 157, 154, 0, 0.57%, 0, 0, 2, 13.90
1634663572, 0, 3, 158, 155, 0, 0.57%, 0, 0, 2, 12.12
1634663577, 0, 4, 161, 157, 0, 0.57%, 0, 0, 2, 26.74
1634663582, 0, 4, 162, 158, 0, 0.57%, 0, 0, 2, 26.56
1634663587, 0, 4, 163, 159, 0, 0.58%, 0, 0, 2, 17.16
1634663597, 0, 4, 168, 164, 0, 0.58%, 0, 0, 2, 19.43
1634663628, 0, 4, 172, 168, 0, 0.58%, 0, 0, 2, 15.08
1634663633, 0, 4, 173, 169, 0, 0.58%, 0, 0, 2, 13.17
1634663643, 0, 4, 174, 170, 0, 0.58%, 0, 0, 2, 13.75
1634663653, 0, 4, 175, 171, 0, 0.58%, 0, 0, 2, 13.49
1634663674, 0, 19, 175, 170, 0, 0.58%, 0, 0, 2, 18.61
1634663689, 0, 28, 176, 170, 0, 0.58%, 0, 0, 3, 15.17
1634663710, 0, 28, 177, 171, 0, 0.58%, 0, 0, 3, 9.79
1634663720, 0, 38, 177, 170, 0, 0.58%, 0, 0, 3, 9.84
1634663746, 0, 50, 177, 169, 0, 0.58%, 0, 0, 3, 12.15
1634663751, 0, 50, 178, 170, 0, 0.58%, 0, 0, 3, 14.20
1634663772, 0, 58, 178, 169, 0, 0.58%, 0, 0, 3, 11.36
1634663788, 0, 58, 179, 170, 0, 0.58%, 0, 0, 3, 7.97
1634663819, 0, 86, 179, 169, 0, 0.58%, 0, 0, 3, 7.69
1634663824, 0, 86, 180, 170, 0, 0.58%, 0, 0, 3, 13.64
1634663834, 0, 86, 182, 172, 0, 0.58%, 0, 0, 3, 8.71
1634663944, 0, 86, 183, 173, 0, 0.58%, 0, 0, 3, 7.03
1634663949, 0, 86, 184, 174, 0, 0.58%, 0, 0, 3, 8.04
1634663969, 0, 91, 185, 174, 0, 0.58%, 0, 0, 3, 11.52
1634663985, 0, 91, 187, 176, 0, 0.58%, 0, 0, 3, 6.95
1634664158, 0, 92, 187, 175, 0, 0.58%, 0, 0, 3, 10.43
1634664185, 0, 92, 188, 176, 0, 0.58%, 0, 0, 3, 6.76
1634664190, 0, 92, 190, 178, 0, 0.58%, 0, 0, 3, 6.56
1634664195, 0, 92, 191, 179, 0, 0.58%, 0, 0, 3, 6.78
1634664244, 0, 92, 192, 180, 0, 0.58%, 0, 0, 3, 8.37
1634664249, 0, 92, 193, 181, 0, 0.58%, 0, 0, 3, 7.29
1634664295, 0, 92, 195, 183, 0, 0.58%, 0, 0, 3, 7.91
1634664315, 0, 98, 195, 182, 0, 0.58%, 0, 0, 3, 10.25
1634664347, 0, 150, 195, 181, 4294967295, 0.58%, 0, 0, 3, 12.67
1634664352, 0, 150, 196, 182, 4294967295, 0.58%, 0, 0, 3, 11.63
1634664390, 0, 150, 197, 183, 4294967295, 0.58%, 0, 0, 3, 8.54
1634664402, 0, 158, 197, 182, 0, 0.58%, 0, 0, 3, 0.49
1634664407, 0, 158, 199, 184, 0, 0.58%, 0, 0, 3, 14.74
1634664614, 0, 160, 199, 183, 0, 0.58%, 0, 0, 3, 18.05
1634664642, 0, 167, 199, 182, 0, 0.58%, 0, 0, 3, 23.10
1634664970, 0, 173, 199, 181, 4294967295, 0.58%, 0, 0, 3, 8.73
1634664981, 0, 173, 200, 182, 4294967295, 0.58%, 0, 0, 3, 9.35
1634665034, 0, 176, 201, 182, 0, 0.58%, 0, 0, 4, 10.84
1634665049, 0, 176, 202, 183, 0, 0.58%, 0, 0, 4, 7.50
1634665065, 0, 176, 203, 184, 0, 0.58%, 0, 0, 4, 6.89
1634665086, 0, 178, 203, 183, 0, 0.58%, 0, 0, 4, 8.43
1634665119, 0, 178, 205, 185, 0, 0.58%, 0, 0, 4, 6.03
1634665139, 0, 178, 206, 186, 0, 0.58%, 0, 0, 4, 8.07
1634665144, 0, 181, 206, 185, 0, 0.58%, 0, 0, 4, 7.11
1634665301, 0, 181, 207, 186, 0, 0.58%, 0, 0, 4, 0.01
1634665481, 0, 182, 207, 185, 0, 0.58%, 0, 0, 4, 0.01
1634665506, 0, 186, 207, 184, 4294967295, 0.58%, 0, 0, 4, 9.30
1634665533, 0, 186, 209, 186, 4294967295, 0.58%, 0, 0, 4, 8.62
1634665581, 0, 194, 209, 185, 0, 0.58%, 0, 0, 4, 6.59
1634665603, 0, 194, 210, 186, 0, 0.58%, 0, 0, 4, 7.27
1634665608, 0, 194, 211, 187, 0, 0.58%, 0, 0, 4, 6.90
1634667842, 0, 195, 211, 186, 0, 0.58%, 0, 0, 4, 6.19
1634667879, 0, 195, 212, 187, 0, 0.58%, 0, 0, 4, 6.04
1634667889, 0, 197, 213, 187, 4294967295, 0.58%, 0, 0, 4, 6.26
1634667906, 0, 197, 214, 188, 4294967295, 0.58%, 0, 0, 4, 13.55
1634668256, 0, 200, 214, 187, 0, 0.58%, 0, 0, 4, 8.92
1634680811, 0, 205, 215, 187, 4294967295, 0.58%, 0, 0, 5, 8.38
1634680817, 0, 205, 217, 189, 4294967295, 0.58%, 0, 0, 5, 8.87
1634680827, 0, 205, 218, 190, 4294967295, 0.58%, 0, 0, 5, 8.95
1634683766, 0, 206, 218, 189, 0, 0.58%, 0, 0, 5, 6.28
1634683807, 0, 207, 219, 189, 4294967295, 0.58%, 0, 0, 5, 8.32
1634688054, 0, 208, 219, 188, 4294967294, 0.58%, 0, 0, 5, 6.01
1634688096, 0, 210, 219, 187, 4294967293, 0.58%, 0, 0, 5, 6.03
1634688153, 0, 212, 219, 186, 4294967292, 0.58%, 0, 0, 5, 8.60
1634688184, 0, 217, 220, 186, 4294967291, 0.59%, 0, 0, 6, 8.46
1634688215, 0, 217, 221, 187, 4294967291, 0.59%, 0, 0, 6, 7.71
1634688225, 0, 217, 222, 188, 4294967291, 0.59%, 0, 0, 6, 7.43
1634688246, 0, 217, 223, 189, 4294967291, 0.59%, 0, 0, 6, 7.40
1634688251, 0, 217, 224, 190, 4294967291, 0.59%, 0, 0, 6, 6.95
1634688256, 0, 219, 224, 189, 0, 0.59%, 0, 0, 6, 7.02
1634688292, 0, 219, 225, 190, 0, 0.59%, 0, 0, 7, 7.39
1634688307, 0, 220, 225, 189, 0, 0.59%, 0, 0, 7, 6.91
1634688323, 0, 220, 227, 191, 0, 0.59%, 0, 0, 7, 7.17
1634688328, 0, 220, 229, 193, 0, 0.59%, 0, 0, 7, 7.08
1634688390, 0, 223, 230, 193, 0, 0.59%, 0, 0, 7, 9.25
1634688431, 0, 224, 230, 192, 0, 0.59%, 0, 0, 7, 11.02
1634688456, 0, 224, 231, 193, 0, 0.59%, 0, 0, 8, 13.13
1634688461, 0, 227, 231, 192, 0, 0.59%, 0, 0, 8, 10.11
1634688482, 0, 227, 232, 193, 0, 0.59%, 0, 0, 8, 7.87
1634688497, 0, 227, 233, 194, 0, 0.59%, 0, 0, 8, 9.28
1634688502, 0, 228, 233, 193, 0, 0.59%, 0, 0, 8, 8.92
1634688523, 0, 229, 233, 192, 4294967295, 0.59%, 0, 0, 8, 9.18
1634688549, 0, 231, 233, 191, 4294967294, 0.59%, 0, 0, 8, 11.39
1634688590, 0, 232, 233, 190, 4294967293, 0.59%, 0, 0, 8, 9.75
1634688615, 1, 105, 233, 189, 4294967292, 0.59%, 0, 0, 8, 16.27
1634688635, 1, 148, 233, 188, 4294967292, 0.59%, 0, 0, 8, 12.44
1634688641, 1, 148, 234, 189, 4294967292, 0.59%, 0, 0, 8, 9.95
1634688666, 1, 148, 235, 190, 4294967292, 0.59%, 0, 0, 8, 7.75
1634688682, 1, 151, 235, 189, 0, 0.59%, 0, 0, 8, 15.86
1634688697, 1, 153, 235, 188, 0, 0.59%, 0, 0, 8, 18.03
1634688713, 1, 156, 235, 187, 0, 0.59%, 0, 0, 8, 13.61
1634688718, 1, 156, 236, 188, 0, 0.59%, 0, 0, 8, 9.28
1634688744, 1, 156, 237, 189, 0, 0.59%, 0, 0, 8, 7.32
1634688754, 1, 161, 237, 188, 0, 0.59%, 0, 0, 8, 16.83
1634688774, 1, 162, 237, 187, 0, 0.59%, 0, 0, 8, 14.14
1634688790, 1, 162, 238, 188, 0, 0.59%, 0, 0, 8, 9.06
1634688795, 1, 162, 240, 190, 0, 0.59%, 0, 0, 8, 8.98
1634688805, 1, 162, 241, 191, 0, 0.59%, 0, 0, 8, 9.46
1634688815, 1, 164, 241, 190, 0, 0.59%, 0, 0, 8, 11.88
1634688841, 1, 168, 241, 189, 0, 0.59%, 0, 0, 8, 12.01
1634688846, 1, 168, 242, 190, 0, 0.59%, 0, 0, 8, 9.54
1634688861, 1, 168, 243, 191, 0, 0.59%, 0, 0, 8, 7.96
1634688877, 1, 170, 243, 190, 0, 0.59%, 0, 0, 8, 9.49
1634688897, 1, 170, 244, 191, 0, 0.59%, 0, 0, 8, 12.82
1634688907, 1, 173, 244, 190, 0, 0.59%, 0, 0, 8, 11.63
1634688938, 1, 179, 244, 190, 0, 0.59%, 0, 0, 8, 10.96
1634688964, 1, 183, 244, 190, 0, 0.59%, 0, 0, 8, 10.33
1634688995, 1, 184, 244, 189, 0, 0.59%, 0, 0, 8, 9.53
1634689026, 1, 184, 245, 190, 0, 0.59%, 0, 0, 8, 8.42
1634689036, 1, 191, 245, 189, 0, 0.59%, 0, 0, 8, 8.86
1634689067, 1, 191, 247, 191, 0, 0.59%, 0, 0, 8, 7.07
1634689083, 1, 200, 247, 190, 0, 0.59%, 0, 0, 8, 9.43
1634689119, 1, 205, 247, 190, 0, 0.59%, 0, 0, 8, 7.86
1634689165, 1, 206, 247, 190, 0, 0.59%, 0, 0, 8, 7.33
1634689196, 1, 207, 247, 190, 0, 0.59%, 0, 0, 8, 8.81
1634689243, 1, 209, 247, 190, 0, 0.59%, 0, 0, 8, 7.82
1634689300, 1, 212, 248, 190, 0, 0.59%, 0, 0, 8, 12.05
1634689330, 1, 216, 248, 190, 0, 0.59%, 0, 0, 8, 13.40
1634689351, 1, 217, 248, 189, 0, 0.59%, 0, 0, 8, 14.77
1634689397, 1, 219, 248, 189, 0, 0.59%, 0, 0, 8, 7.16
1634689449, 1, 220, 248, 189, 0, 0.59%, 0, 0, 8, 6.46
1634689500, 1, 234, 248, 189, 0, 0.59%, 0, 0, 8, 7.15
1634689552, 1, 238, 248, 188, 4294967295, 0.59%, 0, 0, 8, 6.94
1634689573, 1, 238, 249, 189, 4294967295, 0.59%, 0, 0, 8, 6.16
1634689609, 1, 241, 249, 188, 0, 0.59%, 0, 0, 8, 7.11
1634689660, 1, 243, 249, 187, 4294967295, 0.59%, 0, 0, 8, 9.40
1634689701, 1, 246, 249, 186, 4294967294, 0.59%, 0, 0, 8, 7.26
1634689717, 1, 246, 250, 187, 4294967294, 0.59%, 0, 0, 8, 7.11
1634689805, 1, 247, 250, 186, 0, 0.59%, 0, 0, 8, 10.07
1634689841, 1, 248, 250, 185, 4294967295, 0.59%, 0, 0, 8, 8.63
1634689897, 1, 248, 251, 186, 4294967295, 0.59%, 0, 0, 8, 6.51
1634689933, 1, 250, 251, 185, 0, 0.59%, 0, 0, 8, 7.17
1634689949, 1, 250, 253, 187, 0, 0.59%, 0, 0, 8, 7.35
1634689959, 1, 250, 254, 188, 0, 0.59%, 0, 0, 8, 7.73
1634689990, 1, 250, 255, 189, 0, 0.59%, 0, 0, 8, 7.69
1634690057, 1, 250, 256, 190, 0, 0.59%, 0, 0, 8, 7.53
1634690088, 1, 250, 257, 191, 0, 0.59%, 0, 0, 8, 7.58
1634690200, 1, 252, 257, 190, 0, 0.59%, 0, 0, 8, 9.73
1634690252, 1, 253, 257, 189, 4294967295, 0.59%, 0, 0, 8, 9.75
1634690340, 1, 256, 257, 188, 4294967294, 0.59%, 0, 0, 8, 8.70
1634690396, 2, 33, 258, 188, 4294967293, 0.59%, 0, 0, 8, 13.21
1634690422, 2, 37, 258, 187, 0, 0.59%, 0, 0, 8, 15.17
1634690448, 2, 44, 258, 186, 0, 0.59%, 0, 0, 8, 13.85
1634690468, 2, 45, 258, 185, 0, 0.59%, 0, 0, 8, 11.63
1634690494, 2, 51, 258, 184, 0, 0.59%, 0, 0, 8, 11.45
1634690515, 2, 51, 259, 185, 0, 0.59%, 0, 0, 8, 8.48
1634690520, 2, 51, 260, 186, 0, 0.59%, 0, 0, 8, 8.60
1634690535, 2, 52, 260, 185, 0, 0.59%, 0, 0, 8, 9.30
1634690556, 2, 52, 261, 186, 0, 0.59%, 0, 0, 8, 7.84
1634690571, 2, 56, 261, 185, 0, 0.59%, 0, 0, 8, 9.83
1634690602, 2, 59, 261, 184, 0, 0.59%, 0, 0, 8, 10.46
1634690639, 2, 72, 261, 183, 0, 0.59%, 0, 0, 8, 9.69
1634690670, 2, 73, 261, 182, 0, 0.59%, 0, 0, 8, 10.49
1634690691, 2, 85, 261, 181, 0, 0.59%, 0, 0, 8, 14.32
1634690721, 2, 88, 261, 180, 0, 0.59%, 0, 0, 8, 9.77
1634690757, 2, 90, 261, 179, 0, 0.59%, 0, 0, 8, 9.49
1634690762, 2, 90, 262, 180, 0, 0.59%, 0, 0, 8, 8.37
1634690793, 2, 98, 263, 180, 0, 0.59%, 0, 0, 8, 19.31
1634690798, 2, 98, 264, 181, 0, 0.59%, 0, 0, 8, 22.64
1634690839, 2, 100, 264, 181, 0, 0.59%, 0, 0, 8, 15.42
1634690865, 2, 104, 264, 180, 0, 0.59%, 0, 0, 8, 15.23
1634690890, 2, 113, 265, 180, 0, 0.59%, 0, 0, 8, 15.60
1634690921, 2, 119, 265, 179, 0, 0.59%, 0, 0, 8, 13.33
1634690947, 2, 126, 265, 178, 0, 0.59%, 0, 0, 8, 10.01
1634690972, 2, 126, 266, 179, 0, 0.59%, 0, 0, 8, 7.58
1634690988, 2, 126, 267, 180, 0, 0.59%, 0, 0, 8, 7.26
1634690993, 2, 130, 267, 179, 0, 0.59%, 0, 0, 8, 8.65
1634691029, 2, 135, 267, 178, 0, 0.59%, 0, 0, 8, 9.41
1634691059, 2, 142, 267, 177, 0, 0.59%, 0, 0, 8, 8.65
1634691095, 2, 143, 267, 176, 0, 0.59%, 0, 0, 8, 7.66
1634691136, 2, 144, 267, 175, 0, 0.59%, 0, 0, 8, 11.56
1634691157, 2, 146, 267, 174, 0, 0.59%, 0, 0, 8, 12.14
1634691183, 2, 159, 267, 173, 0, 0.59%, 0, 0, 8, 12.90
1634691203, 2, 169, 267, 172, 0, 0.59%, 0, 0, 8, 18.38
1634691208, 2, 169, 268, 173, 0, 0.59%, 0, 0, 8, 13.26
1634691224, 2, 169, 269, 174, 0, 0.59%, 0, 0, 8, 9.56
1634691249, 2, 173, 269, 173, 0, 0.59%, 0, 0, 8, 10.43
1634691280, 2, 174, 269, 173, 0, 0.59%, 0, 0, 8, 9.37
1634691310, 2, 175, 269, 172, 0, 0.59%, 0, 0, 8, 8.87
1634691341, 2, 175, 270, 173, 0, 0.59%, 0, 0, 8, 8.19
1634691352, 2, 179, 270, 172, 0, 0.59%, 0, 0, 8, 10.26
1634691377, 2, 189, 270, 172, 0, 0.59%, 0, 0, 8, 9.13
1634691413, 2, 190, 270, 171, 0, 0.59%, 0, 0, 8, 9.08
1634691434, 2, 190, 271, 172, 0, 0.59%, 0, 0, 8, 9.89
1634691450, 2, 199, 271, 171, 0, 0.59%, 0, 0, 8, 58.52
1634691455, 2, 200, 271, 170, 0, 0.59%, 0, 0, 8, 26.72
1634691475, 2, 201, 271, 170, 0, 0.59%, 0, 0, 8, 13.29
1634691501, 2, 206, 271, 170, 0, 0.59%, 0, 0, 8, 10.46
1634691511, 2, 206, 272, 171, 0, 0.59%, 0, 0, 8, 9.17
1634691531, 2, 219, 272, 171, 0, 0.59%, 0, 0, 8, 7.78
1634691583, 2, 224, 273, 172, 0, 0.59%, 0, 0, 8, 6.34
1634691919, 2, 224, 274, 173, 0, 0.59%, 0, 0, 8, 7.04
1634691960, 2, 225, 274, 173, 0, 0.59%, 0, 0, 8, 6.12
1634697124, 2, 230, 276, 174, 0, 0.59%, 0, 0, 9, 46.69
1634697160, 2, 233, 276, 173, 0, 0.59%, 0, 0, 9, 17.98
1634697225, 2, 234, 276, 172, 0, 0.59%, 0, 0, 9, 6.42
1634697320, 2, 235, 276, 172, 0, 0.59%, 0, 0, 9, 9.53
1634697355, 2, 243, 276, 171, 0, 0.59%, 0, 0, 9, 9.62
1634697386, 2, 244, 276, 171, 0, 0.59%, 0, 0, 9, 9.37
